1 0.035 0.5918464999999999 0.07 0.19775099999999987
1 0.08812500000000001 0.598407 0.04125000000000001 0.19400199999999987
1 0.1365625 0.636364 0.023125000000000007 0.08247400000000019
1 0.1628125 0.6719775 0.019374999999999976 0.022492999999999957
1 0.18093749999999997 0.6672915 0.014375000000000027 0.020619000000000113
1 0.19437500000000002 0.654639 0.015000000000000013 0.030928000000000018
1 0.306875 0.5801314999999999 0.07250000000000001 0.20243699999999995
1 0.3703125 0.593252 0.026874999999999982 0.13870600000000008
1 0.39468749999999997 0.593252 0.024375000000000036 0.13870600000000008
1 0.525625 0.8092785000000001 0.040000000000000036 0.16401100000000027
1 0.5590625 0.8514529999999999 0.024375000000000036 0.040299999999999836