1 0.03466796875 0.5907759882869692 0.0693359375 0.19765739385065886
1 0.08812500000000001 0.598407 0.041132812500000004 0.19436556808199115
1 0.1365625 0.636364 0.02328124999999999 0.08296467203513919
1 0.1628125 0.6719775 0.019453125000000016 0.02295953074670569
1 0.18093749999999997 0.6672915 0.014511718750000013 0.020558401903367555
1 0.19437500000000002 0.654639 0.015312500000000007 0.030837352855051254
1 0.306875 0.5801314999999999 0.0723828125 0.2022433901903367
1 0.3703125 0.593252 0.02710937499999999 0.1388991200585652
1 0.39468749999999997 0.593252 0.024394531250000018 0.1388991200585652
1 0.525625 0.8092785000000001 0.04001953125000002 0.16399671522694012
1 0.5590625 0.8514529999999999 0.024394531250000018 0.039915739385065804