0 0.28208300000000003 0.8971875 0.2672135416666666 0.17076171875000012
0 0.078125 0.7470703125 0.15625 0.20703125
0 0.09000000000000001 0.5846875 0.17984375 0.12962890625
0 0.12208350000000001 0.47031249999999997 0.18388037499999998 0.10554687500000004
0 0.15416700000000003 0.3821875 0.175390625 0.08689453125000002
0 0.16333299999999998 0.313125 0.175390625 0.08275390625000001
0 0.1754165 0.2425 0.14583316666666665 0.07015625000000003
0 0.27249999999999996 0.704375 0.23533854166666668 0.15736328124999988
0 0.2825 0.5728125 0.21854200000000004 0.11591796875000004
0 0.24833349999999998 0.185 0.13669287499999996 0.04767578124999999
0 0.3020835 0.45906250000000004 0.17942725000000004 0.10060546874999998
0 0.3216665 0.3703125 0.17390608333333327 0.09455078125000005
0 0.32458349999999997 0.2953125 0.17070295833333335 0.06712890625000001
0 0.34791700000000003 0.235625 0.15242187500000004 0.07015624999999998
0 0.48083349999999997 0.74875 0.22809879166666658 0.15736328124999988
0 0.47875000000000006 0.6146875 0.21450487499999996 0.1104882812500001
0 0.4775 0.49593750000000003 0.2032295000000001 0.109375
0 0.4741665 0.4028125 0.17325504166666658 0.09455078124999994
0 0.4854165000000001 0.3234375 0.16411474999999998 0.078125
0 0.483333 0.24562499999999998 0.1498697916666667 0.06583984375000004
0 0.5391665 0.9065624999999999 0.2616928750000001 0.18558593749999996
0 0.59125 0.19187500000000002 0.1575260416666667 0.05150390625000001
0 0.6333329999999999 0.2559375 0.14986979166666678 0.06281250000000002
0 0.6425 0.3215625 0.1498697916666667 0.08195312499999996
0 0.6575000000000001 0.499375 0.17984374999999994 0.10634765624999992
0 0.6654169999999999 0.4028125 0.1823958333333334 0.09455078124999994
0 0.6883335 0.6231249999999999 0.21789045833333334 0.13105468750000004
0 0.7008329999999999 0.760625 0.2302343749999999 0.17156250000000006
0 0.7779164999999999 0.9081250000000001 0.27528629166666657 0.18255859375000005
0 0.762083 0.205625 0.1575260416666667 0.05533203124999997
0 0.7850000000000001 0.2696875 0.15645800000000007 0.07318359374999997
0 0.8120835 0.35250000000000004 0.17070295833333335 0.07460937499999998
0 0.8316665 0.429375 0.1630467083333332 0.08498046874999998
0 0.857917 0.5293749999999999 0.19770833333333324 0.11128906250000004
0 0.8962499999999999 0.655625 0.20578158333333332 0.13871093749999996
0 0.90625 0.811875 0.18536491666666657 0.20121093749999996