0 0.28208300000000003 0.8971875 0.2674999999999999 0.17062500000000003
0 0.07875 0.7478125 0.1575 0.20687499999999992
0 0.09000000000000001 0.5846875 0.18000000000000002 0.12937500000000002
0 0.12208350000000001 0.47031249999999997 0.18416699999999997 0.10562499999999997
0 0.15416700000000003 0.3821875 0.17499999999999996 0.08687500000000004
0 0.16333299999999998 0.313125 0.17499999999999996 0.08250000000000002
0 0.1754165 0.2425 0.14583299999999996 0.07000000000000006
0 0.27249999999999996 0.704375 0.23500000000000001 0.15749999999999997
0 0.2825 0.5728125 0.21833400000000003 0.11562500000000009
0 0.24833349999999998 0.185 0.13666699999999996 0.04749999999999999
0 0.3020835 0.45906250000000004 0.179167 0.10062499999999996
0 0.3216665 0.3703125 0.17333299999999996 0.09437499999999999
0 0.32458349999999997 0.2953125 0.170833 0.06687500000000002
0 0.34791700000000003 0.235625 0.1525 0.07
0 0.48083349999999997 0.74875 0.22833299999999998 0.15749999999999997
0 0.47875000000000006 0.6146875 0.21416599999999994 0.1106250000000002
0 0.4775 0.49593750000000003 0.20333400000000004 0.109375
0 0.4741665 0.4028125 0.17333299999999996 0.09437499999999999
0 0.4854165000000001 0.3234375 0.16416699999999995 0.078125
0 0.483333 0.24562499999999998 0.15000000000000005 0.06625000000000003
0 0.5391665 0.9065624999999999 0.2616670000000001 0.18562499999999993
0 0.59125 0.19187500000000002 0.15750000000000006 0.05125000000000002
0 0.6333329999999999 0.2559375 0.15000000000000005 0.06312499999999999
0 0.6425 0.3215625 0.1499999999999999 0.08187499999999992
0 0.6575000000000001 0.499375 0.18000000000000002 0.10624999999999996
0 0.6654169999999999 0.4028125 0.18249999999999997 0.09437499999999999
0 0.6883335 0.6231249999999999 0.21833300000000003 0.1312500000000001
0 0.7008329999999999 0.760625 0.22999999999999984 0.1712499999999999
0 0.7779164999999999 0.9081250000000001 0.27583299999999983 0.1825000000000001
0 0.762083 0.205625 0.15750000000000006 0.05499999999999999
0 0.7850000000000001 0.2696875 0.1566660000000001 0.073125
0 0.8120835 0.35250000000000004 0.170833 0.07499999999999996
0 0.8316665 0.429375 0.16333300000000003 0.08499999999999996
0 0.857917 0.5293749999999999 0.1975000000000001 0.11125000000000007
0 0.8962499999999999 0.655625 0.205834 0.13874999999999993
0 0.90625 0.811875 0.18583400000000014 0.20124999999999993