1 0.1259375 0.18541700000000003 0.251875 0.2775
1 0.15 0.5579165 0.3 0.43583299999999997
1 0.28625 0.16249999999999998 0.14625 0.20666600000000002
1 0.30937499999999996 0.051666500000000004 0.07125000000000004 0.101667
1 0.3540625 0.0483335 0.028124999999999956 0.096667
1 0.4346875 0.11416649999999999 0.06812499999999999 0.116667
1 0.5618749999999999 0.222083 0.046250000000000124 0.08749999999999998
1 0.615625 0.165 0.022499999999999964 0.021665999999999963
1 0.653125 0.21708349999999998 0.02499999999999991 0.025832999999999995
1 0.7215625 0.7483335000000001 0.06062499999999993 0.2616670000000001
1 0.8525 0.6920834999999999 0.11874999999999991 0.18416699999999983
1 0.9553125 0.7658335 0.06312499999999988 0.09833299999999993