1 0.12548828125 0.18424479166666666 0.2509765625 0.27734375
1 0.14999999999999997 0.5579165 0.29990234375 0.43601545833333333
1 0.28625 0.16249999999999998 0.1463671875 0.20684862500000004
1 0.30937499999999996 0.051666500000000004 0.07126953125000002 0.10161475000000002
1 0.3540625 0.04833350000000001 0.028222656249999978 0.09651058333333333
1 0.4346875 0.11416649999999999 0.0682421875 0.11627620833333331
1 0.5618749999999999 0.222083 0.04607421875000006 0.08736979166666663
1 0.615625 0.165 0.022480468749999982 0.021900708333333296
1 0.653125 0.21708349999999998 0.025195312499999956 0.02593733333333333
1 0.7215625 0.7483335000000001 0.060585937499999964 0.261692875
1 0.8525 0.6920834999999999 0.11894531249999996 0.1838803749999999
1 0.9553125 0.7658335 0.06330078124999994 0.09864566666666678