1 0.1064453125 0.7721354166666666 0.212890625 0.3515625
1 0.084375 0.66 0.05150390625000001 0.05484375000000008
1 0.2371875 0.8112499999999999 0.296875 0.37541699999999995
1 0.28531249999999997 0.5570830000000001 0.04798828124999999 0.06760416666666662
1 0.2909375 0.6062500000000001 0.025507812500000004 0.024452791666666734
1 0.45687500000000003 0.63875 0.21986328125000004 0.26934862500000006
1 0.450625 0.8137500000000001 0.06583984374999996 0.12458300000000004
1 0.4628125 0.6295835000000001 0.056757812500000004 0.09033837500000012
1 0.45499999999999996 0.46374999999999994 0.02742187500000004 0.017864583333333368
1 0.5665625 0.6116665 0.046875 0.09354150000000001
1 0.7190624999999999 0.75625 0.26068359375000005 0.38265625000000014
1 0.7990625 0.8533335000000001 0.3719726562500001 0.2916668333333335
1 0.63375 0.5175 0.029023437500000027 0.06867220833333325
1 0.724375 0.7000000000000001 0.07621093749999996 0.09716112499999989
1 0.856875 0.6804169999999999 0.08720703124999996 0.09757812500000007
1 0.864375 0.67625 0.07126953125000002 0.0946090416666665