1 0.106875 0.7733335 0.21375 0.35166699999999995
1 0.084375 0.66 0.05125000000000002 0.055000000000000014
1 0.2371875 0.8112499999999999 0.296875 0.37583399999999995
1 0.28531249999999997 0.5570830000000001 0.04812499999999997 0.06750000000000005
1 0.2909375 0.6062500000000001 0.02562500000000001 0.024166000000000132
1 0.45687500000000003 0.63875 0.21999999999999997 0.26916599999999996
1 0.450625 0.8137500000000001 0.06625000000000003 0.12416600000000007
1 0.4628125 0.6295835000000001 0.05687500000000001 0.0908330000000001
1 0.45499999999999996 0.46374999999999994 0.02750000000000008 0.01750000000000007
1 0.5665625 0.6116665 0.046875 0.09333300000000004
1 0.7190624999999999 0.75625 0.2606250000000001 0.3825000000000003
1 0.7990625 0.8533335000000001 0.37187499999999996 0.29166700000000007
1 0.63375 0.5175 0.028750000000000053 0.06833399999999996
1 0.724375 0.7000000000000001 0.07624999999999993 0.09666599999999992
1 0.856875 0.6804169999999999 0.08749999999999991 0.09750000000000014
1 0.864375 0.67625 0.07125000000000004 0.09416599999999982