0 0.2178125 0.9322035 0.03476562499999997 0.05860226470588226
0 0.264375 0.9411485 0.06361328124999999 0.05236508823529408
0 0.38 0.9237285000000001 0.15242187499999993 0.07107561764705879
0 0.47062499999999996 0.9091335 0.03890625000000003 0.045863617647058715
0 0.4971875 0.8945384999999999 0.028222656249999922 0.06772202941176468
0 0.5390625 0.863936 0.021679687500000044 0.03338976470588243
0 0.731875 0.8347455 0.012597656250000089 0.03674385294117662
0 0.808125 0.815913 0.016425781249999938 0.02521200000000008
0 0.830625 0.8079094999999998 0.014824218750000062 0.02809508823529407
0 0.8421875 0.811676 0.015625 0.020652117647058703
0 0.859375 0.805085 0.01593750000000016 0.030507176470588187
0 0.8953125 0.806968 0.046875 0.030507176470588187