0 0.2178125 0.9322035 0.03437499999999999 0.05838100000000014
0 0.264375 0.9411485 0.06374999999999997 0.05178899999999992
0 0.38 0.9237285000000001 0.15249999999999997 0.07156299999999995
0 0.47062499999999996 0.9091335 0.03875000000000006 0.04613900000000011
0 0.4971875 0.8945384999999999 0.028124999999999956 0.06779699999999994
0 0.5390625 0.863936 0.02187500000000009 0.03295600000000016
0 0.731875 0.8347455 0.012500000000000178 0.03672299999999997
0 0.808125 0.815913 0.016249999999999876 0.025423999999999832
0 0.830625 0.8079094999999998 0.015000000000000124 0.028248999999999903
0 0.8421875 0.811676 0.015625 0.020715999999999762
0 0.859375 0.805085 0.016250000000000098 0.030131999999999902
0 0.8953125 0.806968 0.046875 0.030131999999999902