1 0.6326664999999999 0.9144665000000001 0.2786676553637484 0.13951771875000007
1 0.010666499999999999 0.503696 0.021147387792848336 0.06138471875000001
1 0.228 0.7798309999999999 0.14095060049321823 0.25875053125
1 0.36333350000000003 0.31045449999999997 0.041011752774352594 0.031464500000000006
1 0.39599999999999996 0.3189015 0.02433045622688036 0.03398534375000006
1 0.4373335 0.315734 0.058310072133168925 0.044147656249999945
1 0.5539999999999999 0.4588175 0.041012252774352664 0.10248403125000011
1 0.8413335000000001 0.4815205 0.08520657398273729 0.14155028125000002
1 0.8233334999999999 0.2397045 0.014731773736128254 0.029920218750000033
1 0.8759999999999999 0.2734955 0.028847024660912487 0.031464500000000006
1 0.8740000000000001 0.24709599999999998 0.014731273736128325 0.015204500000000037
1 0.9706670000000001 0.7835270000000001 0.05574352651048099 0.14358334375000004
1 0.978667 0.27719150000000004 0.023713933415536338 0.035001625000000036