1 0.6326664999999999 0.9144665000000001 0.27866699999999983 0.13938700000000015
1 0.010666500000000002 0.503696 0.021333000000000005 0.06124599999999991
1 0.228 0.7798309999999999 0.141334 0.25871200000000005
1 0.36333350000000003 0.31045449999999997 0.04133299999999989 0.03167900000000001
1 0.39599999999999996 0.3189015 0.023999999999999928 0.033791000000000015
1 0.4373335 0.315734 0.058667 0.04435
1 0.5539999999999999 0.4588175 0.04133400000000003 0.1024290000000001
1 0.8413335000000001 0.4815205 0.08533299999999985 0.14149900000000004
1 0.8233334999999999 0.2397045 0.014667000000000034 0.02956700000000001
1 0.8759999999999999 0.2734955 0.02933400000000007 0.03167900000000001
1 0.8740000000000001 0.24709599999999998 0.014666000000000175 0.01478400000000002
1 0.9706670000000001 0.7835270000000001 0.05600000000000021 0.14361200000000007
1 0.978667 0.27719150000000004 0.023999999999999928 0.03484700000000007