1 0.060625 0.24765500000000001 0.03890625 0.0806015431918009
1 0.14375 0.2973735 0.03619140625 0.09208655856515377
1 0.243125 0.22889299999999996 0.03730468749999999 0.060033641288433366
1 0.2571875 0.2734525 0.03427734375000002 0.051419754758418805
1 0.3125 0.44605999999999996 0.04718749999999994 0.10237050951683757
1 0.3546875 0.231238 0.03205078125000005 0.04400693265007321
1 0.37124999999999997 0.4812385 0.03507812499999996 0.07893097877013183
1 0.4915625 0.4742025 0.03699218749999994 0.05716201244509508
1 0.69875 0.7373360000000001 0.05373046874999998 0.0806015431918009
1 0.7446875 0.784709 0.03587890625000001 0.11385502489019028
1 0.833125 0.7349904999999999 0.03890624999999992 0.05549194802342607
1 0.8703125 0.786116 0.04304687499999993 0.08467373645680834
1 0.9253125 0.60788 0.03587890625000001 0.06410583455344081