1 0.060625 0.24765500000000001 0.03875000000000001 0.08067600000000004
1 0.14375 0.2973735 0.036250000000000004 0.09193299999999997
1 0.243125 0.22889299999999996 0.03750000000000003 0.06003799999999996
1 0.2571875 0.2734525 0.034375000000000044 0.05159500000000004
1 0.3125 0.44605999999999996 0.04749999999999999 0.10225200000000002
1 0.3546875 0.231238 0.03187499999999999 0.04409000000000001
1 0.37124999999999997 0.4812385 0.03499999999999992 0.07879900000000012
1 0.4915625 0.4742025 0.03687499999999999 0.05722299999999998
1 0.69875 0.7373360000000001 0.053749999999999964 0.08067599999999987
1 0.7446875 0.784709 0.03562500000000002 0.1135079999999999
1 0.833125 0.7349904999999999 0.03875000000000006 0.05534700000000003
1 0.8703125 0.786116 0.04312499999999986 0.08442800000000011
1 0.9253125 0.60788 0.03562500000000002 0.06379000000000003