0 0.67875 0.8264025 0.10749999999999993 0.1056109999999999
0 0.1925 0.212871 0.04999999999999999 0.036303999999999996
0 0.2475 0.8234325 0.06999999999999995 0.04290500000000009
0 0.3228125 0.8165015 0.06812499999999999 0.07392700000000003
0 0.3853125 0.8442244999999999 0.11812500000000004 0.046205000000000114
0 0.423125 0.593399 0.10000000000000009 0.038283999999999915
0 0.42874999999999996 0.785809 0.050000000000000044 0.038943999999999965
0 0.4378125 0.4445545 0.05812499999999998 0.03366299999999997
0 0.4896875 0.8244225 0.06187500000000001 0.04752499999999975
0 0.499375 0.43762399999999996 0.03875000000000006 0.040924
0 0.6540625 0.6346535 0.06312499999999988 0.031023
0 0.660625 0.3316835 0.043749999999999956 0.05082500000000001
0 0.66875 0.44290450000000003 0.04375000000000018 0.044885000000000015
0 0.78125 0.851815 0.05875000000000008 0.06138599999999994