0 0.67875 0.8264025 0.10746093749999996 0.1058982835051546
0 0.1925 0.212871 0.04990234375000002 0.03619323711340206
0 0.2475 0.8234325 0.06966796875 0.04310198453608252
0 0.3228125 0.8165015 0.06775390625 0.07407690206185569
0 0.3853125 0.8442244999999999 0.11814453125000002 0.04629837628865985
0 0.423125 0.593399 0.09980468750000004 0.03821416494845357
0 0.42874999999999996 0.785809 0.05039062500000002 0.03905962886597948
0 0.4378125 0.4445545 0.05787109374999999 0.0338418092783505
0 0.4896875 0.8244225 0.06169921874999995 0.04747384020618544
0 0.499375 0.43762399999999996 0.038417968749999976 0.040565092783505216
0 0.6540625 0.6346535 0.06330078124999994 0.030975417525773194
0 0.660625 0.3316835 0.04384765625000009 0.05067023195876289
0 0.66875 0.44290450000000003 0.04384765625000009 0.044607448453608256
0 0.78125 0.851815 0.05867187499999993 0.06162083505154648