1 0.061875 0.47500000000000003 0.03875000000000001 0.06666600000000011
1 0.108125 0.480833 0.026249999999999996 0.034999999999999996
1 0.22749999999999998 0.46916650000000004 0.03500000000000003 0.07833300000000006
1 0.33875 0.43083350000000004 0.012499999999999956 0.031666999999999966
1 0.35 0.4208335000000001 0.007500000000000062 0.031666999999999966
1 0.361875 0.395 0.011249999999999982 0.040000000000000036
1 0.37875000000000003 0.390833 0.014999999999999902 0.02500000000000006
1 0.390625 0.37749999999999995 0.011249999999999982 0.018334
1 0.45999999999999996 0.47916700000000007 0.02750000000000008 0.08499999999999996
1 0.6268750000000001 0.4875 0.028750000000000053 0.07166600000000016
1 0.6681250000000001 0.421667 0.016249999999999876 0.04999999999999997
1 0.691875 0.435 0.028750000000000053 0.04666599999999995
1 0.781875 0.4375 0.011249999999999982 0.02500000000000006
1 0.8075 0.4383329999999999 0.020000000000000018 0.040000000000000036
1 0.865625 0.41666700000000007 0.011249999999999982 0.010000000000000083
1 0.888125 0.421667 0.008750000000000036 0.020000000000000018
1 0.920625 0.42333299999999996 0.013749999999999929 0.05999999999999991
1 0.95875 0.431667 0.03249999999999997 0.06999999999999999