1 0.061875 0.47500000000000003 0.03841796875 0.06653612499999999
1 0.108125 0.480833 0.026308593749999998 0.035078124999999925
1 0.22749999999999998 0.46916650000000004 0.035078125000000016 0.07822900000000003
1 0.33875 0.43083350000000004 0.012597656249999978 0.03145849999999998
1 0.35 0.4208335000000001 0.007167968750000031 0.03145849999999998
1 0.361875 0.395 0.010996093749999991 0.04018229166666668
1 0.37875000000000003 0.390833 0.015312499999999951 0.024869791666666696
1 0.390625 0.37749999999999995 0.011484374999999991 0.018281583333333334
1 0.45999999999999996 0.47916700000000007 0.02742187500000004 0.08546874999999998
1 0.6268750000000001 0.4875 0.029023437500000027 0.07164029166666674
1 0.6681250000000001 0.421667 0.015937499999999938 0.04973958333333325
1 0.691875 0.435 0.028535156250000027 0.0467704999999999
1 0.781875 0.4375 0.010996093749999991 0.025520833333333364
1 0.8075 0.4383329999999999 0.01976562500000001 0.04018229166666668
1 0.865625 0.41666700000000007 0.010996093749999991 0.010208333333333375
1 0.888125 0.421667 0.008769531250000018 0.0204166666666666
1 0.920625 0.42333299999999996 0.013710937499999964 0.05994791666666662
1 0.95875 0.431667 0.032363281249999876 0.06950520833333333