0 0.1721875 0.7226969999999999 0.09312500000000001 0.155746
0 0.024375 0.18755950000000002 0.04875 0.09591699999999999
0 0.036875 0.679962 0.05500000000000001 0.07597399999999993
0 0.09968749999999998 0.716049 0.09062499999999996 0.13675199999999996
0 0.23875000000000002 0.6481485 0.053749999999999964 0.09401699999999992
0 0.244375 0.2526115 0.05499999999999994 0.089269
0 0.2340625 0.6984805 0.01937500000000003 0.05792899999999993
0 0.448125 0.6400759999999999 0.03249999999999997 0.06647600000000008
0 0.474375 0.488604 0.07374999999999998 0.10921199999999998
0 0.48468750000000005 0.310541 0.07937499999999997 0.07977199999999998
0 0.49249999999999994 0.6396015 0.06125000000000003 0.11111100000000004
0 0.516875 0.35375100000000004 0.043749999999999956 0.03893600000000008
0 0.558125 0.28585 0.04499999999999993 0.12915400000000002
0 0.5775 0.382241 0.03249999999999997 0.04463399999999995
0 0.5940624999999999 0.3385565 0.026874999999999982 0.023741000000000026
0 0.6390625 0.17189 0.08062499999999995 0.12725600000000004
0 0.6371875 0.32953499999999997 0.059374999999999956 0.0569799999999999
0 0.6871875000000001 0.2245965 0.06437500000000007 0.06362699999999998
0 0.6975 0.3290595 0.05624999999999991 0.04273499999999997
0 0.7621875 0.49382699999999996 0.08562500000000006 0.08167199999999997
0 0.800625 0.3461535 0.11375000000000002 0.11680899999999991