0 0.1721875 0.7226969999999999 0.09294921875 0.15576617507418397
0 0.02392578125 0.18694362017804153 0.0478515625 0.09495548961424333
0 0.036875 0.679962 0.05484375000000001 0.07582082789317512
0 0.09968749999999998 0.716049 0.09023437499999998 0.13662525816023746
0 0.23875000000000002 0.6481485 0.05373046874999998 0.09448624480712162
0 0.244375 0.2526115 0.05484374999999997 0.0891448857566766
0 0.2340625 0.6984805 0.019453125000000016 0.05789625074183973
0 0.448125 0.6400759999999999 0.03285156249999999 0.06662078931750746
0 0.474375 0.488604 0.07398437499999999 0.10876030267062313
0 0.48468750000000005 0.310541 0.07923828125000004 0.07994534718100893
0 0.49249999999999994 0.6396015 0.06138671875000007 0.11119348219584563
0 0.516875 0.35375100000000004 0.04384765625000003 0.03949767359050449
0 0.558125 0.28585 0.045449218749999964 0.129117059347181
0 0.5775 0.382241 0.0323632812500001 0.04457219287833825
0 0.5940624999999999 0.3385565 0.02662109374999999 0.02373993620178043
0 0.6390625 0.17189 0.08083984374999997 0.12742621958456973
0 0.6371875 0.32953499999999997 0.05947265625000009 0.056679910979228434
0 0.6871875000000001 0.2245965 0.06441406250000004 0.06371260979228485
0 0.6975 0.3290595 0.056445312499999956 0.042880853115726945
0 0.7621875 0.49382699999999996 0.08529296875000014 0.08163718694362017
0 0.800625 0.3461535 0.11351562500000001 0.11700984124629071