1 0.190625 0.741088 0.04625000000000001 0.19699799999999995
1 0.161875 0.9709195 0.10750000000000004 0.05628499999999975
1 0.2134375 0.3015945 0.029374999999999984 0.03470899999999994
1 0.25406249999999997 0.6041275 0.059374999999999956 0.08442700000000014
1 0.238125 0.457317 0.013749999999999984 0.03846199999999999
1 0.2621875 0.48170749999999996 0.024375000000000036 0.05159499999999995
1 0.3684375 0.6238275 0.02937499999999993 0.09380900000000002
1 0.48 0.7410884999999999 0.05499999999999994 0.159475
1 0.5040625000000001 0.334428 0.020624999999999893 0.027204
1 0.5609375000000001 0.33818 0.02187500000000009 0.03846199999999999
1 0.5762499999999999 0.6299245000000001 0.018749999999999822 0.032832999999999994
1 0.5953125 0.617261 0.026874999999999982 0.08442800000000011
1 0.60375 0.3846155 0.015000000000000124 0.015009000000000088
1 0.6628125 0.677767 0.02312499999999984 0.06285199999999981
1 0.659375 0.39211999999999997 0.011249999999999982 0.007504000000000141
1 0.6865625 0.6571295 0.026874999999999982 0.11350899999999987
1 0.7446875 0.3531895 0.020624999999999893 0.036584999999999895
1 0.7996875 0.35788 0.023125000000000062 0.03846199999999999
1 0.8409375 0.356942 0.015625 0.025328000000000045