1 0.190625 0.741088 0.04607421875000001 0.1965956325036603
1 0.161875 0.9709195 0.10746093750000002 0.05596094802342594
1 0.2134375 0.3015945 0.029335937499999964 0.03492404612005854
1 0.25406249999999997 0.6041275 0.05947265624999998 0.08394117203513916
1 0.238125 0.457317 0.01371093750000002 0.03826467496339677
1 0.2621875 0.48170749999999996 0.024394531250000018 0.05215181918008791
1 0.3684375 0.6238275 0.029335937499999964 0.09375662298682284
1 0.48 0.7410884999999999 0.05533203124999991 0.15953252196193266
1 0.5040625000000001 0.334428 0.020566406249999947 0.02751122401171303
1 0.5609375000000001 0.33818 0.022167968750000044 0.03826467496339677
1 0.5762499999999999 0.6299245000000001 0.01914062499999991 0.032521917276720345
1 0.5953125 0.617261 0.02662109374999999 0.08394167203513915
1 0.60375 0.3846155 0.014824218750000062 0.01482514421669103
1 0.6628125 0.677767 0.02328124999999992 0.0629047701317715
1 0.659375 0.39211999999999997 0.011484374999999991 0.007412322108345605
1 0.6865625 0.6571295 0.02710937499999999 0.11385552489019027
1 0.7446875 0.3531895 0.020566406249999947 0.03659411054172762
1 0.7996875 0.35788 0.02328124999999992 0.03899673938506588
1 0.8409375 0.356942 0.015625 0.02510909516837484