2 0.013749999999999998 0.6291665000000001 0.027421875 0.1016147499999999
2 0.041874999999999996 0.6279165 0.035078125 0.09098941666666664
2 0.1825 0.604583 0.03619140625 0.08226562499999994
2 0.263125 0.5966665 0.03236328124999999 0.06653662500000006
2 0.30562500000000004 0.5866665000000001 0.03507812499999996 0.06356754166666671
2 0.3215625 0.5875 0.020566406249999947 0.054843750000000004
2 0.39468749999999997 0.573333 0.01945312499999996 0.0452864583333333
2 0.4115625 0.5750000000000001 0.016738281249999987 0.0452864583333333
2 0.423125 0.57875 0.013710937499999964 0.04783854166666668
2 0.4403125 0.5683335 0.020566406249999947 0.038046708333333346
2 0.46187500000000004 0.560417 0.008769531250000018 0.022317708333333314
2 0.4759375 0.5595835 0.016738281249999987 0.020833166666666642
2 0.4928125 0.55875 0.01179687500000004 0.018697583333333306
2 0.519375 0.55375 0.012597656249999867 0.01934862499999997
2 0.53875 0.5529164999999999 0.009882812500000115 0.020833166666666642
2 0.6215625 0.6908335000000001 0.0884960937499999 0.1622137083333334
2 0.6465625 0.591667 0.0452734374999999 0.06950520833333333
2 0.6912499999999999 0.5754165 0.04656250000000006 0.08885433333333337
2 0.7362500000000001 0.6766665 0.07460937500000009 0.15794254166666674