2 0.01375 0.6291665000000001 0.0275 0.10166699999999995
2 0.041874999999999996 0.6279165 0.035 0.09083299999999994
2 0.1825 0.604583 0.036250000000000004 0.08250000000000002
2 0.263125 0.5966665 0.03249999999999997 0.0666670000000001
2 0.30562500000000004 0.5866665000000001 0.03499999999999992 0.06333300000000008
2 0.3215625 0.5875 0.020624999999999893 0.055000000000000014
2 0.39468749999999997 0.573333 0.01937499999999992 0.04499999999999993
2 0.4115625 0.5750000000000001 0.016874999999999973 0.04499999999999993
2 0.423125 0.57875 0.013749999999999929 0.04750000000000002
2 0.4403125 0.5683335 0.020625000000000004 0.03833300000000003
2 0.46187500000000004 0.560417 0.008750000000000036 0.022499999999999964
2 0.4759375 0.5595835 0.016874999999999973 0.020832999999999952
2 0.4928125 0.55875 0.01187500000000008 0.019165999999999943
2 0.519375 0.55375 0.012499999999999956 0.019165999999999943
2 0.53875 0.5529164999999999 0.010000000000000009 0.020832999999999952
2 0.6215625 0.6908335000000001 0.08812500000000001 0.16166700000000014
2 0.6465625 0.591667 0.04562500000000003 0.06999999999999999
2 0.6912499999999999 0.5754165 0.046250000000000124 0.08916699999999993
2 0.7362500000000001 0.6766665 0.07500000000000018 0.15833300000000014