1 0.24562499999999998 0.642589 0.10250000000000004 0.1669800000000001
1 0.36250000000000004 0.696529 0.03875000000000006 0.0403380000000001
1 0.6168750000000001 0.6355535000000001 0.11125000000000007 0.13414700000000013
1 0.698125 0.47983099999999995 0.03875000000000006 0.029080000000000116
1 0.7518750000000001 0.48921200000000004 0.053749999999999964 0.03658599999999987
1 0.7809375000000001 0.5098500000000001 0.04187500000000011 0.023452000000000094
1 0.8278125000000001 0.492964 0.0768749999999998 0.040337999999999936
1 0.8684375 0.5375235 0.02312499999999984 0.035647000000000005
1 0.8884375 0.5173544999999999 0.06312499999999988 0.05722299999999998
1 0.8865624999999999 0.585835 0.020624999999999893 0.021575999999999974
1 0.9278124999999999 0.542214 0.06937499999999996 0.05816200000000001
1 0.9553125 0.5539400000000001 0.07062499999999994 0.06472799999999992
1 0.978125 0.584428 0.04249999999999998 0.08442800000000011
1 0.9865625 0.6163225000000001 0.02562500000000001 0.03189499999999993