1 0.24562499999999998 0.642589 0.10251953125000002 0.16694534407027825
1 0.36250000000000004 0.696529 0.03890625000000003 0.04066680380673505
1 0.6168750000000001 0.6355535000000001 0.11128906250000004 0.1344234267935579
1 0.698125 0.47983099999999995 0.03890624999999992 0.029181288433382194
1 0.7518750000000001 0.48921200000000004 0.05373046874999998 0.03659461054172761
1 0.7809375000000001 0.5098500000000001 0.04193359375000005 0.023439030746705756
1 0.8278125000000001 0.492964 0.0770117187499999 0.039934739385065775
1 0.8684375 0.5375235 0.02328124999999992 0.03539304612005865
1 0.8884375 0.5173544999999999 0.06330078124999994 0.05716201244509508
1 0.8865624999999999 0.585835 0.020566406249999947 0.021036901903367485
1 0.9278124999999999 0.542214 0.06935546874999998 0.058363576866764195
1 0.9553125 0.5539400000000001 0.07046874999999986 0.06457483455344067
1 0.978125 0.584428 0.04224609374999999 0.08467373645680826
1 0.9865625 0.6163225000000001 0.025507812499999893 0.03205291727672032