1 0.0515625 0.8377815000000001 0.103125 0.167639
1 0.178125 0.090075 0.036250000000000004 0.040034000000000014
1 0.2525 0.07381149999999999 0.03749999999999998 0.04420299999999999
1 0.3215625 0.32527100000000003 0.09562500000000007 0.04336999999999991
1 0.47468750000000004 0.6697245000000001 0.150625 0.09507900000000014
1 0.43281250000000004 0.4845705 0.04937499999999995 0.038364999999999906
1 0.5553125 0.6238535000000001 0.12437500000000012 0.15846499999999994
1 0.6459375 0.0246035 0.014374999999999805 0.027523000000000002
1 0.7534375 0.884904 0.203125 0.19516199999999984
1 0.6853125 0.0329445 0.013125000000000053 0.032527
1 0.7428125 0.0437865 0.01937499999999992 0.014178999999999997
1 0.8615625 0.042952500000000005 0.01937499999999992 0.035863
1 0.8915625 0.04837349999999999 0.020624999999999893 0.04336899999999999