1 0.05126953125 0.8365885416666666 0.1025390625 0.16796875
1 0.178125 0.090075 0.03619140625 0.040199291666666664
1 0.2525 0.07381149999999999 0.03779296874999996 0.04423691666666666
1 0.3215625 0.32527100000000003 0.09566406250000004 0.04316937499999999
1 0.47468750000000004 0.6697245000000001 0.15050781250000006 0.09506554166666674
1 0.43281250000000004 0.4845705 0.04910156249999997 0.03871374999999988
1 0.5553125 0.6238535000000001 0.12419921875000006 0.15865958333333322
1 0.6459375 0.0246035 0.014511718749999902 0.027433375
1 0.7534375 0.884904 0.203125 0.19523724999999992
1 0.6853125 0.0329445 0.012910156250000027 0.032539541666666665
1 0.7428125 0.0437865 0.01945312499999985 0.014250958333333327
1 0.8615625 0.042952500000000005 0.01945312500000007 0.03616066666666666
1 0.8915625 0.04837349999999999 0.021054687499999947 0.04381991666666666