0 0.1365625 0.346154 0.1246875 0.09208605856515382
0 0.1228125 0.402439 0.09455078125000002 0.09041599414348457
0 0.26375 0.31519699999999995 0.05644531250000004 0.12413947584187413
0 0.3365625 0.35272 0.07923828124999999 0.108581767203514
0 0.3559375 0.25 0.07158203124999996 0.13776305563689606
0 0.3796875 0.393996 0.0880078125 0.1315517979502196
0 0.41875 0.44887450000000007 0.09980468749999993 0.14350581332357248
0 0.46125 0.3090995 0.06138671875000001 0.1195977825768667
0 0.49 0.49765450000000006 0.08880859375000005 0.18798174597364573
0 0.5034375 0.319887 0.06392578125000004 0.08634380087847726
0 0.541875 0.379456 0.06632812499999985 0.13609299121522692
0 0.5784374999999999 0.5595684999999999 0.09072265625000009 0.18871381039531485
0 0.5553125 0.44699849999999997 0.036992187499999885 0.05549194802342607
0 0.6578124999999999 0.4606004999999999 0.08306640624999995 0.17101703733528553
0 0.66875 0.6238275 0.0948632812500001 0.21048277672035143
0 0.6468750000000001 0.4957785 0.048789062500000036 0.053821883601757076
0 0.7384375 0.492964 0.09072265624999987 0.17148653733528538
0 0.7737499999999999 0.713884 0.11734375000000008 0.23606137188872628
0 0.829375 0.5605065 0.13982421875000006 0.19038387481698402