0 0.1365625 0.346154 0.12437500000000001 0.09193200000000008
0 0.1228125 0.402439 0.09437500000000001 0.09005599999999997
0 0.26375 0.31519699999999995 0.05625000000000002 0.123828
0 0.3365625 0.35272 0.07937499999999997 0.1088180000000001
0 0.3559375 0.25 0.07187499999999991 0.13789799999999997
0 0.3796875 0.393996 0.08812500000000001 0.13133199999999998
0 0.41875 0.44887450000000007 0.09999999999999998 0.14352700000000004
0 0.46125 0.3090995 0.06125000000000003 0.11913699999999998
0 0.49 0.49765450000000006 0.0887500000000001 0.1885550000000001
0 0.5034375 0.319887 0.06437500000000007 0.08630399999999998
0 0.541875 0.379456 0.06624999999999992 0.13602199999999992
0 0.5784374999999999 0.5595684999999999 0.09062500000000018 0.1885550000000001
0 0.5553125 0.44699849999999997 0.03687499999999999 0.05534700000000003
0 0.6578124999999999 0.4606004999999999 0.0831249999999999 0.17073100000000005
0 0.66875 0.6238275 0.0950000000000002 0.2101310000000001
0 0.6468750000000001 0.4957785 0.04875000000000007 0.053471000000000074
0 0.7384375 0.492964 0.09062499999999996 0.1716699999999999
0 0.7737499999999999 0.713884 0.11750000000000016 0.236398
0 0.829375 0.5605065 0.14000000000000012 0.19043100000000007