1 0.176875 0.5775 0.0050000000000000044 0.014999999999999977
1 0.18375000000000002 0.58125 0.006249999999999978 0.01916600000000009
1 0.224375 0.5800000000000001 0.007500000000000007 0.013334000000000104
1 0.23875000000000002 0.5845835 0.010000000000000009 0.01583300000000006
1 0.3325 0.589583 0.011249999999999982 0.01250000000000003
1 0.3853125 0.5920835 0.011874999999999969 0.01416700000000004
1 0.5190625 0.557083 0.013125000000000053 0.022499999999999964
1 0.5371875 0.557083 0.015625 0.022499999999999964
1 0.5584374999999999 0.55875 0.019375000000000142 0.025833999999999985
1 0.6884375 0.6145835000000001 0.018124999999999947 0.020832999999999952
1 0.7171875000000001 0.6108335 0.009374999999999911 0.006666999999999905
1 0.7490625 0.6008334999999999 0.020624999999999893 0.041667000000000044
1 0.7775000000000001 0.6095835 0.00749999999999984 0.014166999999999893