1 0.176875 0.5775 0.004941406250000002 0.014661458333333321
1 0.18375000000000002 0.58125 0.006054687499999989 0.01934862499999997
1 0.224375 0.5800000000000001 0.007656250000000031 0.013828458333333385
1 0.23875000000000002 0.5845835 0.010371093750000004 0.01572900000000003
1 0.3325 0.589583 0.010996093749999991 0.012760416666666755
1 0.3853125 0.5920835 0.01228515625000004 0.014244958333333427
1 0.5190625 0.557083 0.012910156250000027 0.022317708333333314
1 0.5371875 0.557083 0.015625 0.022317708333333314
1 0.5584374999999999 0.55875 0.01945312500000007 0.025937833333333327
1 0.6884375 0.6145835000000001 0.017851562499999973 0.020833166666666642
1 0.7171875000000001 0.6108335 0.009082031249999956 0.006588708333333286
1 0.7490625 0.6008334999999999 0.021054687499999947 0.041666833333333354
1 0.7775000000000001 0.6095835 0.00765624999999992 0.01424495833333328