1 0.7178125 0.73875 0.17937499999999984 0.30249999999999994
1 0.02125 0.20000000000000004 0.0425 0.05333399999999999
1 0.0453125 0.19999999999999998 0.056874999999999995 0.061666
1 0.1496875 0.11875000000000001 0.020625000000000004 0.039166
1 0.3075 0.8241670000000001 0.30625 0.3499999999999999
1 0.2221875 0.3325 0.10562500000000002 0.14500000000000002
1 0.19718750000000002 0.20750000000000002 0.04812499999999997 0.04666599999999995
1 0.1896875 0.11625 0.018125000000000002 0.034165999999999995
1 0.2921875 0.2125 0.05687500000000001 0.04999999999999997
1 0.3565625 0.35041649999999996 0.06437499999999996 0.14583299999999996
1 0.37593750000000004 0.375 0.02187500000000009 0.11166600000000004
1 0.6846875 0.397083 0.1243749999999999 0.1774999999999999
1 0.64625 0.1379165 0.006250000000000089 0.019167000000000007
1 0.7534375 0.14625 0.024375000000000036 0.015833999999999977
1 0.901875 0.4404165 0.14749999999999996 0.18416699999999997
1 0.8571875 0.155 0.02562500000000001 0.015000000000000013
1 0.88125 0.09749999999999999 0.008750000000000036 0.010000000000000009
1 0.9025000000000001 0.09666649999999999 0.00749999999999984 0.01166700000000002
1 0.938125 0.0983335 0.008750000000000036 0.01166700000000002