1 0.7178125 0.73875 0.17953124999999992 0.30294270833333337
1 0.02099609375 0.19986979166666666 0.0419921875 0.053385416666666664
1 0.0453125 0.19999999999999998 0.05724609374999999 0.06143195833333329
1 0.1496875 0.11875000000000001 0.020566406250000002 0.03911425000000002
1 0.3075 0.8241670000000001 0.30644531249999996 0.34947916666666673
1 0.2221875 0.3325 0.10603515624999998 0.14476562500000004
1 0.19718750000000002 0.20750000000000002 0.04847656249999999 0.04677049999999997
1 0.1896875 0.11625 0.018339843749999973 0.03401008333333333
1 0.2921875 0.2125 0.056757812500000004 0.049739583333333316
1 0.3565625 0.35041649999999996 0.06441406250000004 0.14583316666666665
1 0.37593750000000004 0.375 0.021679687500000044 0.11182258333333339
1 0.6846875 0.397083 0.12468750000000006 0.17729166666666663
1 0.64625 0.1379165 0.006054687500000044 0.018698083333333337
1 0.7534375 0.14625 0.024394531250000018 0.01572949999999999
1 0.901875 0.4404165 0.14748046874999998 0.1838803749999999
1 0.8571875 0.155 0.025507812499999893 0.015312500000000026
1 0.88125 0.09749999999999999 0.008769531250000018 0.010208333333333338
1 0.9025000000000001 0.09666649999999999 0.00765624999999992 0.01169287500000001
1 0.938125 0.0983335 0.008769531250000018 0.01169287500000001