1 0.014375 0.8391179999999999 0.02875 0.1941840000000001
1 0.2015625 0.2865855 0.015625 0.038461000000000016
1 0.2565625 0.281895 0.018124999999999947 0.036586000000000035
1 0.321875 0.2800185 0.01750000000000007 0.032832999999999994
1 0.40125 0.27251400000000003 0.015000000000000013 0.0403380000000001
1 0.501875 0.2697 0.018750000000000044 0.03846199999999999
1 0.5403125 0.2682925 0.011874999999999858 0.031895000000000014
1 0.6359375 0.26031899999999997 0.013125000000000053 0.025328000000000045
1 0.81125 0.8503755 0.2662499999999999 0.29737300000000005
1 0.700625 0.25750449999999997 0.008750000000000036 0.03095700000000004
1 0.72125 0.262195 0.006250000000000089 0.029080000000000033