1 0.014374999999999999 0.8391179999999999 0.02853515625 0.19372450366032215
1 0.2015625 0.2865855 0.015625 0.038264174963396784
1 0.2565625 0.281895 0.018339843749999973 0.03659461054172769
1 0.321875 0.2800185 0.017539062500000036 0.032521917276720345
1 0.40125 0.27251400000000003 0.015312500000000062 0.04066680380673505
1 0.501875 0.2697 0.019140625000000078 0.03826467496339677
1 0.5403125 0.2682925 0.011796874999999929 0.032052917276720404
1 0.6359375 0.26031899999999997 0.013398437500000027 0.02510909516837484
1 0.81125 0.8503755 0.26642578124999994 0.29729557759882874
1 0.700625 0.25750449999999997 0.008769531250000018 0.030851852855051265
1 0.72125 0.262195 0.006542968750000044 0.029181288433382194