0 0.35531250000000003 0.8775000000000001 0.17298828125 0.21046875000000012
0 0.06437499999999999 0.753333 0.08498046874999998 0.10523437499999992
0 0.1125 0.799583 0.08386718750000002 0.13265624999999984
0 0.20906249999999998 0.73375 0.05898437499999998 0.08226562500000008
0 0.3109375 0.74375 0.08306640624999995 0.09247395833333331
0 0.355 0.685417 0.03619140624999995 0.08226562500000001
0 0.4065625 0.7108335 0.06712890625000001 0.10374983333333325
0 0.4196875 0.6475000000000001 0.056757812500000004 0.054843750000000004
0 0.5015624999999999 0.6429165 0.053417968750000044 0.07057275000000003
0 0.5253125 0.6758329999999999 0.06441406250000004 0.09502604166666669
0 0.6071875 0.65 0.052929687500000044 0.06356804166666663
0 0.63625 0.619167 0.06966796875000014 0.09502604166666669
0 0.6940625 0.6704165 0.05070312500000007 0.0807810833333334
0 0.745625 0.7091664999999999 0.06361328124999988 0.09651058333333336
0 0.794375 0.6845834999999999 0.037792968750000044 0.0741928749999999
0 0.8356250000000001 0.7404164999999999 0.03890624999999992 0.055911291666666564
0 0.9 0.7600000000000001 0.04384765624999987 0.04677050000000005
0 0.9853125 0.775 0.02773437500000009 0.048255541666666645