0 0.35531250000000003 0.8775000000000001 0.17312499999999997 0.21000000000000027
0 0.06437499999999999 0.753333 0.08499999999999999 0.10500000000000013
0 0.1125 0.799583 0.08375000000000002 0.13249999999999998
0 0.20906249999999998 0.73375 0.059374999999999956 0.08250000000000017
0 0.3109375 0.74375 0.083125 0.09249999999999996
0 0.355 0.685417 0.036250000000000004 0.08249999999999987
0 0.4065625 0.7108335 0.06687500000000002 0.10333299999999983
0 0.4196875 0.6475000000000001 0.05687500000000001 0.05500000000000016
0 0.5015624999999999 0.6429165 0.05312500000000009 0.07083299999999992
0 0.5253125 0.6758329999999999 0.06437500000000007 0.09500000000000004
0 0.6071875 0.65 0.05312500000000009 0.06333399999999993
0 0.63625 0.619167 0.07000000000000006 0.09500000000000004
0 0.6940625 0.6704165 0.05062500000000014 0.08083300000000015
0 0.745625 0.7091664999999999 0.06374999999999997 0.09666700000000006
0 0.794375 0.6845834999999999 0.03750000000000009 0.0741669999999998
0 0.8356250000000001 0.7404164999999999 0.03874999999999984 0.0558329999999998
0 0.9 0.7600000000000001 0.043749999999999956 0.046666000000000096
0 0.9853125 0.775 0.028125000000000178 0.04833399999999995