0 0.10147650000000001 0.7659374999999999 0.10255878110599076 0.0770117187499999
0 0.32361650000000003 0.9493750000000001 0.07019374884792628 0.06472656249999997
0 0.35276749999999996 0.7849999999999999 0.10481785483870967 0.07621093749999996
0 0.3756455 0.5921875000000001 0.08280315437788023 0.07158203124999996
0 0.404059 0.460625 0.042346364055299596 0.041132812500000004
0 0.4265685 0.4153125 0.05043812211981571 0.03587890625000001
0 0.568635 0.37625 0.028791921658986207 0.018652343750000022
0 0.598893 0.2796875 0.015813516129032267 0.016738281249999987
0 0.6450185 0.3053125 0.027847384792626814 0.020566406249999947
0 0.6542434999999999 0.183125 0.025588311059907807 0.02853515624999997
0 0.6715865000000001 0.4 0.04854804838709696 0.04224609374999999
0 0.676384 0.2890625 0.030105958525345776 0.03539062500000001
0 0.6745389999999999 0.1384375 0.02201470046082958 0.03921874999999998
0 0.696679 0.0796875 0.026532847926267332 0.030449218750000007
0 0.701476 0.43156249999999996 0.03651417972350215 0.04847656249999999
0 0.7601474999999999 0.575 0.04402990092165895 0.02742187499999993
0 0.7815495 0.7009375 0.06604460138248852 0.06330078124999994
0 0.880443 0.8912500000000001 0.14301557142857144 0.08880859375000005
0 0.8520295 0.7690625 0.07923004377880191 0.07095703124999986