0 0.10147650000000001 0.7659374999999999 0.10258299999999997 0.0768749999999998
0 0.32361650000000003 0.9493750000000001 0.07011100000000003 0.06499999999999995
0 0.35276749999999996 0.7849999999999999 0.104797 0.07624999999999993
0 0.3756455 0.5921875000000001 0.08265700000000009 0.07187499999999991
0 0.404059 0.460625 0.04206600000000012 0.04125000000000001
0 0.4265685 0.4153125 0.05018499999999995 0.03562500000000002
0 0.568635 0.37625 0.028782000000000068 0.018750000000000044
0 0.598893 0.2796875 0.015498000000000015 0.016874999999999973
0 0.6450185 0.3053125 0.028045000000000174 0.020625000000000004
0 0.6542434999999999 0.183125 0.025830999999999948 0.028749999999999998
0 0.6715865000000001 0.4 0.048709000000000106 0.04249999999999998
0 0.676384 0.2890625 0.030258000000000042 0.03562500000000002
0 0.6745389999999999 0.1384375 0.022140000000000173 0.03937499999999999
0 0.696679 0.0796875 0.026568000000000102 0.030625000000000013
0 0.701476 0.43156249999999996 0.03616199999999995 0.04812499999999997
0 0.7601474999999999 0.575 0.04428099999999992 0.027499999999999858
0 0.7815495 0.7009375 0.06642100000000009 0.06312499999999988
0 0.880443 0.8912500000000001 0.14317400000000002 0.0887500000000001
0 0.8520295 0.7690625 0.07896700000000015 0.07062499999999994