0 0.10884949999999997 0.8371875 0.18073511325966848 0.17076171875000012
0 0.085398 0.67625 0.14079598895027623 0.0833789062500001
0 0.1969025 0.4378125 0.2664727928176795 0.09566406249999992
0 0.2172565 0.811875 0.1283860193370166 0.07509765624999987
0 0.4022125 0.70875 0.3192648867403315 0.11128906250000004
0 0.3384955 0.8846875 0.1082919033149172 0.06664062500000001
0 0.47389400000000004 0.84625 0.09430632596685083 0.05150390625000001
0 0.6079645 0.46687500000000004 0.18388632872928173 0.11623046874999998
0 0.668584 0.8425 0.1547820662983426 0.06521484374999997
0 0.7252210000000001 0.6240625 0.1331123425414364 0.06441406250000004
0 0.8097345 0.7846875 0.13808727348066283 0.08146484375000007
0 0.8389380000000001 0.6034375000000001 0.1473460276243093 0.07207031249999996
0 0.8495575 0.895625 0.05820902486187859 0.041132812500000115