0 0.10884949999999999 0.8371875 0.180531 0.17062500000000003
0 0.085398 0.67625 0.140708 0.08374999999999999
0 0.1969025 0.4378125 0.26637099999999997 0.09562499999999996
0 0.2172565 0.811875 0.12831900000000002 0.07499999999999996
0 0.4022125 0.70875 0.31946900000000006 0.11125000000000007
0 0.3384955 0.8846875 0.10884900000000006 0.06687500000000002
0 0.47389400000000004 0.84625 0.09469000000000002 0.05125000000000002
0 0.6079645 0.46687500000000004 0.18407099999999993 0.11624999999999996
0 0.668584 0.8425 0.1548680000000001 0.06499999999999995
0 0.7252210000000001 0.6240625 0.133628 0.06437500000000007
0 0.8097345 0.7846875 0.138053 0.08187500000000014
0 0.8389380000000001 0.6034375000000001 0.14690200000000012 0.07187499999999991
0 0.8495575 0.895625 0.058407000000000264 0.04125000000000001