0 0.36531250000000004 0.8305319999999999 0.05898437499999998 0.133913284671533
0 0.049375 0.7787114999999999 0.09869140625 0.09839160948905094
0 0.175625 0.736228 0.15402343749999997 0.10697267153284669
0 0.2784375 0.666667 0.02710937499999999 0.045036737226277296
0 0.31937499999999996 0.5098039999999999 0.037304687500000044 0.052421372262773706
0 0.31656249999999997 0.661998 0.025507812500000004 0.03026746715328463
0 0.34781249999999997 0.649393 0.024394531250000018 0.040512956204379474
0 0.3778125 0.6335204999999999 0.013398437500000027 0.034791748175182435
0 0.4059375 0.7194210000000001 0.03810546874999998 0.049560518248175284
0 0.419375 0.7913164999999999 0.03236328124999999 0.051953872262773766
0 0.46375 0.7250235 0.05867187499999993 0.10031846350364962
0 0.4521875 0.7796450000000001 0.03093749999999995 0.04430681021897819
0 0.515625 0.6512605 0.013710937499999964 0.040512456204379654
0 0.5378125 0.64099 0.020566406249999947 0.04623366423357669
0 0.5659375 0.6036415 0.025996093749999893 0.051223945255474496
0 0.5834375 0.6419235 0.03650390625000011 0.051223945255474496
0 0.651875 0.9416429999999999 0.09486328124999988 0.11435730656934319
0 0.62625 0.6512604999999999 0.03890624999999992 0.047167164233576635
0 0.671875 0.6596640000000001 0.032851562499999876 0.04623366423357669
0 0.7050000000000001 0.9425769999999999 0.037304687500000044 0.10198189051094883
0 0.7390625 0.8744165 0.07429687499999993 0.1257992226277373
0 0.759375 0.8034545 0.05373046874999998 0.060272507299270105
0 0.785 0.7843135 0.04384765624999987 0.06146943430656917
0 0.8234375 0.7833799999999999 0.07207031249999996 0.08268883941605851