0 0.36531250000000004 0.8305319999999999 0.059374999999999956 0.13351999999999994
0 0.049375 0.7787114999999999 0.09875 0.0989729999999997
0 0.175625 0.736228 0.15375 0.10737599999999979
0 0.2784375 0.666667 0.026874999999999982 0.04481800000000001
0 0.31937499999999996 0.5098039999999999 0.03750000000000009 0.05228799999999997
0 0.31656249999999997 0.661998 0.02562500000000001 0.029877999999999922
0 0.34781249999999997 0.649393 0.024375000000000036 0.040149999999999825
0 0.3778125 0.6335204999999999 0.013125000000000053 0.03454699999999991
0 0.4059375 0.7194210000000001 0.038124999999999964 0.04948600000000004
0 0.419375 0.7913164999999999 0.03249999999999997 0.051353000000000086
0 0.46375 0.7250235 0.05874999999999997 0.09990699999999995
0 0.4521875 0.7796450000000001 0.030625000000000013 0.04481800000000018
0 0.515625 0.6512605 0.013749999999999929 0.040149000000000025
0 0.5378125 0.64099 0.020624999999999893 0.04575199999999994
0 0.5659375 0.6036415 0.02562500000000001 0.051353000000000086
0 0.5834375 0.6419235 0.03687500000000021 0.051353000000000086
0 0.651875 0.9416429999999999 0.09499999999999997 0.11484600000000025
0 0.62625 0.6512604999999999 0.03874999999999984 0.04761899999999999
0 0.671875 0.6596640000000001 0.03249999999999997 0.045752000000000105
0 0.7050000000000001 0.9425769999999999 0.03750000000000009 0.10177399999999985
0 0.7390625 0.8744165 0.07437499999999986 0.1260510000000001
0 0.759375 0.8034545 0.053749999999999964 0.060691000000000064
0 0.785 0.7843135 0.043749999999999956 0.061624999999999985
0 0.8234375 0.7833799999999999 0.07187499999999991 0.08216600000000022