1 0.120625 0.5575 0.06875 0.08166599999999995
1 0.005 0.47750000000000004 0.01 0.04333400000000006
1 0.0246875 0.48375000000000007 0.009374999999999994 0.030834000000000028
1 0.0621875 0.49833350000000004 0.026874999999999996 0.053333
1 0.0996875 0.49750000000000005 0.02687500000000001 0.055000000000000014
1 0.188125 0.5 0.012499999999999956 0.04499999999999993
1 0.23281249999999998 0.539583 0.021874999999999978 0.05749999999999996
1 0.2559375 0.5075 0.014375000000000027 0.04499999999999993
1 0.28125 0.5145835 0.03374999999999995 0.03416700000000006
1 0.3534375 0.53625 0.02562500000000001 0.03250000000000005
1 0.403125 0.53875 0.025000000000000022 0.04750000000000002
1 0.44499999999999995 0.5466665 0.028750000000000053 0.05666700000000002
1 0.481875 0.56625 0.03249999999999997 0.0625
1 0.526875 0.57375 0.040000000000000036 0.07749999999999997
1 0.6790624999999999 0.6737500000000001 0.05187499999999989 0.07749999999999997
1 0.8590625000000001 0.64375 0.05812499999999998 0.07249999999999994