1 0.120625 0.5575 0.06904296875000002 0.08184862499999997
1 0.004999999999999999 0.47750000000000004 0.009882812500000001 0.043151375000000027
1 0.0246875 0.48375000000000007 0.009570312499999997 0.030390958333333423
1 0.0621875 0.49833350000000004 0.026621093750000005 0.05335920833333333
1 0.0996875 0.49750000000000005 0.02710937500000002 0.054843750000000004
1 0.188125 0.5 0.012597656249999978 0.04463541666666663
1 0.23281249999999998 0.539583 0.02216796874999999 0.05739583333333339
1 0.2559375 0.5075 0.014023437500000013 0.0452864583333333
1 0.28125 0.5145835 0.03347656249999997 0.034010583333333365
1 0.3534375 0.53625 0.025507812500000004 0.03252604166666669
1 0.403125 0.53875 0.025195312500000067 0.047187500000000014
1 0.44499999999999995 0.5466665 0.028535156250000027 0.05697933333333335
1 0.481875 0.56625 0.03236328124999999 0.0625
1 0.526875 0.57375 0.04001953125000002 0.07716145833333332
1 0.6790624999999999 0.6737500000000001 0.05181640624999995 0.07716145833333332
1 0.8590625000000001 0.64375 0.05787109374999999 0.0720572916666667