1 0.0234375 0.7841670000000001 0.046875 0.14500000000000016
1 0.0621875 0.7770834999999999 0.121875 0.134167
1 0.20468750000000002 0.7779164999999999 0.104375 0.13583299999999987
1 0.23500000000000001 0.7754165000000001 0.12125000000000002 0.14416700000000007
1 0.38687499999999997 0.7774999999999999 0.11250000000000004 0.15499999999999994
1 0.384375 0.7825000000000001 0.0787500000000001 0.11666600000000009
1 0.46062499999999995 0.779167 0.08374999999999999 0.11000000000000003
1 0.50125 0.49333350000000004 0.12624999999999997 0.05833299999999989
1 0.5259375 0.7858335 0.10312499999999991 0.141667
1 0.5828125 0.7775 0.09312500000000012 0.161666
1 0.781875 0.46208350000000004 0.43500000000000005 0.06916700000000005
1 0.7815625 0.739583 0.296875 0.1824999999999998