1 0.0234375 0.7841670000000001 0.046875 0.1447656250000001
1 0.06218749999999999 0.7770834999999999 0.12197265625 0.1341407916666665
1 0.20468750000000002 0.7779164999999999 0.10443359375000003 0.13627587499999994
1 0.23500000000000001 0.7754165000000001 0.12117187499999998 0.14434912500000005
1 0.38687499999999997 0.7774999999999999 0.11240234375000002 0.1549739583333333
1 0.384375 0.7825000000000001 0.07892578125000005 0.1169267499999999
1 0.46062499999999995 0.779167 0.08386718749999994 0.11033854166666668
1 0.50125 0.49333350000000004 0.12611328124999993 0.05846337499999995
1 0.5259375 0.7858335 0.10283203124999996 0.14179704166666665
1 0.5828125 0.7775 0.09294921875000006 0.16156216666666653
1 0.781875 0.46208350000000004 0.43478515625 0.06908870833333343
1 0.7815625 0.739583 0.296875 0.18239583333333323