1 0.134375 0.4016665 0.07 0.088333
1 0.1971875 0.5270835 0.128125 0.18083299999999994
1 0.24406250000000002 0.395 0.03562500000000002 0.05000000000000012
1 0.26968749999999997 0.44083349999999993 0.06437500000000007 0.10166699999999995
1 0.29312499999999997 0.48 0.06499999999999995 0.13833399999999996
1 0.3596875 0.46374999999999994 0.016874999999999973 0.025833999999999985
1 0.3871875 0.4679165 0.020625000000000004 0.020832999999999952
1 0.5440625 0.441667 0.09687500000000004 0.055000000000000014
1 0.579375 0.3866665 0.006250000000000089 0.006666999999999905
1 0.5875 0.38833350000000005 0.007500000000000062 0.006666999999999905
1 0.7021875 0.4645835 0.1356250000000001 0.1841670000000001
1 0.7884375 0.40583299999999994 0.0068749999999999645 0.020000000000000018
1 0.8034375 0.3866665 0.02312499999999984 0.041667000000000044
1 0.8071875 0.41333349999999996 0.013125000000000053 0.053333
1 0.8465625 0.4000000000000001 0.01937499999999992 0.040000000000000036
1 0.875 0.40666650000000004 0.008750000000000036 0.03333300000000013
1 0.916875 0.41875 0.010000000000000009 0.03250000000000005
1 0.9453125 0.4070835 0.013125000000000053 0.025832999999999995