1 0.134375 0.4016665 0.06966796874999999 0.08778629166666659
1 0.1971875 0.5270835 0.12851562499999997 0.18091129166666672
1 0.24406250000000002 0.395 0.03539062500000001 0.05039062500000006
1 0.26968749999999997 0.44083349999999993 0.06441406250000004 0.10161474999999998
1 0.29312499999999997 0.48 0.06472656249999997 0.13817741666666658
1 0.3596875 0.46374999999999994 0.016738281249999987 0.025937833333333327
1 0.3871875 0.4679165 0.020566406249999947 0.020833166666666642
1 0.5440625 0.441667 0.09677734375000008 0.054843750000000004
1 0.579375 0.3866665 0.006054687500000044 0.007239749999999952
1 0.5875 0.38833350000000005 0.00716796874999992 0.006588708333333286
1 0.7021875 0.4645835 0.13519531250000005 0.18453141666666673
1 0.7884375 0.40583299999999994 0.006855468749999982 0.019765624999999936
1 0.8034375 0.3866665 0.02328124999999992 0.041666833333333354
1 0.8071875 0.41333349999999996 0.012910156250000027 0.05335920833333333
1 0.8465625 0.4000000000000001 0.01945312499999985 0.04018229166666668
1 0.875 0.40666650000000004 0.008281250000000018 0.032942541666666735
1 0.916875 0.41875 0.009882812500000115 0.03252604166666669
1 0.9453125 0.4070835 0.013398437500000027 0.025937333333333257