0 0.1633335 0.728643 0.033333 0.06030200000000002
0 0.16499999999999998 0.9698495 0.036665999999999976 0.020100999999999893
0 0.1983335 0.9623120000000001 0.04333300000000001 0.03517600000000016
0 0.22 0.6281405 0.06 0.10050300000000016
0 0.235 0.952261 0.036665999999999976 0.03517600000000016
0 0.2316665 0.7437185 0.016666999999999987 0.04020100000000013
0 0.261667 0.7487434999999999 0.030000000000000027 0.05025100000000009
0 0.2916665 0.613065 0.07666700000000004 0.07035199999999998
0 0.2866665 0.8819100000000001 0.026666999999999996 0.03517600000000016
0 0.313333 0.7236180000000001 0.040000000000000036 0.06030200000000002
0 0.32 0.8793975 0.040000000000000036 0.04020100000000013
0 0.375 0.7236185 0.036665999999999976 0.04020100000000013
0 0.3766665 0.866834 0.026666999999999996 0.03517600000000016
0 0.485 0.6256280000000001 0.22333399999999992 0.09547800000000019
0 0.495 0.8618089999999998 0.01666600000000007 0.03517600000000016
0 0.6033335 0.8391960000000002 0.033332999999999835 0.030149999999999857
0 0.6799999999999999 0.6180905 0.14000000000000012 0.05025100000000009
0 0.626667 0.8291455 0.020000000000000018 0.03015100000000018
0 0.97 0.6281405 0.05333399999999999 0.0402009999999998