0 0.1633335 0.728643 0.03326806249999997 0.06034245802650967
0 0.16499999999999998 0.9698495 0.03688768749999999 0.019623401325478424
0 0.1983335 0.9623120000000001 0.04315087500000003 0.03526104860088373
0 0.22 0.6281405 0.05978515624999997 0.10106151472754057
0 0.235 0.952261 0.03639940624999996 0.03526104860088373
0 0.2316665 0.7437185 0.016634281249999994 0.040719056701030994
0 0.261667 0.7487434999999999 0.029648437500000013 0.050162318851251886
0 0.2916665 0.613065 0.07690771875000002 0.07052209720176729
0 0.2866665 0.8819100000000001 0.026517093749999998 0.03526104860088373
0 0.313333 0.7236180000000001 0.04001953125000002 0.06034245802650959
0 0.32 0.8793975 0.04001953125000002 0.040719056701030994
0 0.375 0.7236185 0.03688768749999993 0.03998267967599418
0 0.3766665 0.866834 0.026517093749999998 0.03526104860088373
0 0.485 0.6256280000000001 0.22348340624999996 0.09560350662739332
0 0.495 0.8618089999999998 0.01663378125000009 0.03526104860088373
0 0.6033335 0.8391960000000002 0.03326806249999992 0.029802540500736305
0 0.6799999999999999 0.6180905 0.13982421875000006 0.050162318851251886
0 0.626667 0.8291455 0.02025390625000001 0.029803040500736466
0 0.97 0.6281405 0.053522468749999996 0.03998267967599401