0 0.06687499999999999 0.7152255 0.125 0.1697553693098384
0 0.1309375 0.5338345 0.03476562499999998 0.02229171585903091
0 0.1559375 0.48590200000000006 0.025507812500000004 0.02302543024963281
0 0.1640625 0.5404135 0.025507812500000004 0.01726907268722469
0 0.2253125 0.5531015 0.012910156249999971 0.03092600220264326
0 0.24343749999999997 0.5822364999999999 0.020566406249999974 0.019413287077826687
0 0.2690625 0.5850565 0.018339843749999973 0.02182171585903076
0 0.266875 0.49812049999999997 0.008769531250000018 0.01726907268722469
0 0.294375 0.5878760000000001 0.014824218749999951 0.023495430249632958
0 0.313125 0.5220865 0.010996093749999991 0.03092600220264326
0 0.340625 0.511748 0.014824218749999951 0.010308500734214368
0 0.495625 0.6456765 0.014824218750000062 0.030456002202643113
0 0.57125 0.6785715 0.015312500000000062 0.023025930249632797
0 0.6096874999999999 0.6390979999999999 0.02328124999999992 0.013186929515418421
0 0.6528125 0.573308 0.01896484375000007 0.013186929515418421
0 0.6834375 0.5610905 0.02710937499999999 0.018943287077826707