0 0.06687499999999999 0.7152255 0.125 0.16917300000000002
0 0.1309375 0.5338345 0.03437499999999999 0.02255699999999998
0 0.1559375 0.48590200000000006 0.02562500000000001 0.022556
0 0.1640625 0.5404135 0.02562500000000001 0.01691700000000004
0 0.2253125 0.5531015 0.013124999999999998 0.031015000000000008
0 0.24343749999999997 0.5822364999999999 0.020625000000000004 0.019736999999999925
0 0.2690625 0.5850565 0.018124999999999947 0.021617000000000018
0 0.266875 0.49812049999999997 0.008750000000000036 0.01691700000000004
0 0.294375 0.5878760000000001 0.015000000000000013 0.023496000000000128
0 0.313125 0.5220865 0.011249999999999982 0.031015000000000008
0 0.340625 0.511748 0.015000000000000013 0.010337999999999955
0 0.495625 0.6456765 0.015000000000000124 0.030075000000000046
0 0.57125 0.6785715 0.015000000000000124 0.02255699999999998
0 0.6096874999999999 0.6390979999999999 0.02312499999999984 0.01315799999999984
0 0.6528125 0.573308 0.019375000000000142 0.013158000000000006
0 0.6834375 0.5610905 0.026874999999999982 0.018796999999999963