0 0.334375 0.92636 0.07374999999999998 0.10787999999999984
0 0.061875 0.783771 0.0675 0.06847999999999996
0 0.2575 0.325516 0.053749999999999964 0.07504600000000002
0 0.273125 0.695122 0.04749999999999999 0.069418
0 0.30093749999999997 0.737336 0.038124999999999964 0.08442799999999995
0 0.3203125 0.4282365 0.06937499999999996 0.10037499999999995
0 0.353125 0.7415575 0.05125000000000002 0.057223000000000114
0 0.396875 0.9183864999999999 0.09499999999999997 0.16135099999999983
0 0.401875 0.2124765 0.04625000000000001 0.05722299999999995
0 0.521875 0.2509385 0.04249999999999998 0.09662299999999999
0 0.723125 0.521107 0.047499999999999876 0.05534800000000003