0 0.334375 0.92636 0.07349609374999999 0.1081921994134895
0 0.061875 0.783771 0.06744140625 0.06869747800586508
0 0.2575 0.325516 0.05373046874999998 0.07564616715542523
0 0.273125 0.695122 0.04767578125000002 0.06989961583577721
0 0.30093749999999997 0.737336 0.03810546874999998 0.08473599413489726
0 0.3203125 0.4282365 0.06984374999999998 0.10004087243401749
0 0.353125 0.7415575 0.05150390625000001 0.05720387536656889
0 0.396875 0.9183864999999999 0.09486328124999999 0.1613206612903225
0 0.401875 0.2124765 0.04607421875000006 0.05720387536656889
0 0.521875 0.2509385 0.04224609374999999 0.09669859677419354
0 0.723125 0.521107 0.04767578124999994 0.054800099706744966