1 0.1984375 0.8557689999999999 0.07589843750000003 0.1633445084427768
1 0.311875 0.7217545000000001 0.010996093749999991 0.013177104127579718
1 0.5221875 0.6748799999999999 0.011796874999999929 0.03217346716697937
1 0.5540625 0.6923079999999999 0.011796875000000151 0.03679072607879929
1 0.6053124999999999 0.7019235 0.009570312499999956 0.016856276735459672
1 0.638125 0.683293 0.014824218750000062 0.034313553470919356
1 0.67125 0.6490385 0.012597656249999867 0.02943288086303929
1 0.6759375 0.686298 0.016738281250000098 0.024214121951219456
1 0.7746875 0.763822 0.024394531250000018 0.06066776172607879
1 0.8065625 0.656851 0.014023437499999902 0.034313553470919356
1 0.8834375000000001 0.7884615 0.03205078124999994 0.07170477954971874
1 0.9521875 0.809495 0.025507812499999893 0.024815121951219463