1 0.1984375 0.8557689999999999 0.075625 0.1634620000000001
1 0.311875 0.7217545000000001 0.011249999999999982 0.013220999999999962
1 0.5221875 0.6748799999999999 0.011874999999999858 0.03245200000000002
1 0.5540625 0.6923079999999999 0.01187500000000008 0.036058000000000076
1 0.6053124999999999 0.7019235 0.009374999999999911 0.01682700000000002
1 0.638125 0.683293 0.015000000000000124 0.03485600000000006
1 0.67125 0.6490385 0.012499999999999956 0.028846999999999998
1 0.6759375 0.686298 0.016874999999999973 0.024037999999999886
1 0.7746875 0.763822 0.024375000000000036 0.06129799999999998
1 0.8065625 0.656851 0.014375000000000027 0.03485600000000006
1 0.8834375000000001 0.7884615 0.031874999999999876 0.07211500000000012
1 0.9521875 0.809495 0.02562500000000001 0.025239999999999905