0 0.5034375 0.88625 0.17458984374999997 0.191120125
0 0.0109375 0.8479164999999999 0.021679687499999996 0.12903662500000004
0 0.01611328125 0.4342447916666667 0.0322265625 0.07942708333333333
0 0.0361328125 0.349609375 0.072265625 0.08463541666666667
0 0.0390625 0.6904170000000001 0.078125 0.14731770833333346
0 0.0675 0.55125 0.1348828125 0.13710937499999995
0 0.38525390625 0.13997395833333334 0.7705078125 0.2799479166666667
0 0.0978125 0.4383335 0.13951171874999996 0.11182308333333335
0 0.12437500000000001 0.88 0.1875 0.21640591666666667
0 0.1275 0.341667 0.12833984374999996 0.09502604166666669
0 0.16749999999999998 0.6887500000000001 0.16279296875 0.15901008333333336
0 0.20500000000000002 0.5429165 0.15019531250000004 0.12968766666666673
0 0.2296875 0.43583350000000004 0.136796875 0.09651058333333336
0 0.2528125 0.33583300000000005 0.13185546874999998 0.09947916666666663
0 0.305625 0.86 0.19626953125000002 0.2047135416666667
0 0.36375 0.4375 0.11845703124999996 0.10968750000000001
0 0.37625 0.3383335 0.12005859375000005 0.08843733333333337
0 0.5096875 0.6783334999999999 0.17347656250000004 0.1585935833333334
0 0.5003125 0.544167 0.140625 0.11989583333333338
0 0.495 0.339167 0.12277343750000003 0.08992187500000004
0 0.5003124999999999 0.4312500000000001 0.1280273437499999 0.10927050000000005
0 0.6959375 0.8679165000000001 0.18064453125000002 0.2145053749999999
0 0.745 0.330417 0.1233984374999999 0.08226562500000005
0 0.7640625 0.42333299999999996 0.13185546874999998 0.1001302083333333
0 0.790625 0.5345835 0.14908203125000008 0.12903662500000004
0 0.8378125000000001 0.6733335 0.16582031249999996 0.1585935833333334
0 0.89 0.8670835 0.19738281250000012 0.19408870833333344