0 0.5034375 0.88625 0.17437499999999995 0.19083400000000003
0 0.0109375 0.8479164999999999 0.021875 0.12916700000000012
0 0.0165625 0.43541649999999993 0.033125 0.07916699999999999
0 0.0365625 0.35041649999999996 0.073125 0.08416699999999988
0 0.0390625 0.6904170000000001 0.078125 0.14750000000000027
0 0.0675 0.55125 0.135 0.13749999999999987
0 0.3853125 0.1404165 0.770625 0.280833
0 0.0978125 0.4383335 0.13937499999999997 0.11166700000000003
0 0.12437500000000001 0.88 0.1875 0.21666600000000003
0 0.1275 0.341667 0.12874999999999998 0.09500000000000004
0 0.16749999999999998 0.6887500000000001 0.16249999999999998 0.15916599999999992
0 0.20500000000000002 0.5429165 0.15000000000000002 0.12916700000000012
0 0.2296875 0.43583350000000004 0.13687499999999997 0.09666700000000006
0 0.2528125 0.33583300000000005 0.13187499999999996 0.09999999999999994
0 0.305625 0.86 0.19625000000000004 0.20500000000000007
0 0.36375 0.4375 0.11874999999999991 0.11000000000000003
0 0.37625 0.3383335 0.1200000000000001 0.088333
0 0.5096875 0.6783334999999999 0.17312499999999997 0.15833300000000014
0 0.5003125 0.544167 0.140625 0.1200000000000001
0 0.495 0.339167 0.12250000000000005 0.09000000000000001
0 0.5003124999999999 0.4312500000000001 0.12812499999999982 0.1091660000000001
0 0.6959375 0.8679165000000001 0.18062500000000004 0.21416699999999977
0 0.745 0.330417 0.12375000000000003 0.08250000000000002
0 0.7640625 0.42333299999999996 0.13187499999999996 0.09999999999999994
0 0.790625 0.5345835 0.14874999999999994 0.12916700000000012
0 0.8378125000000001 0.6733335 0.1656249999999999 0.15833300000000014
0 0.89 0.8670835 0.1975 0.1941670000000002