1 0.054358000000000004 0.500625 0.020562906249999992 0.021692708333333293
1 0.099344 0.33499999999999996 0.012907656249999983 0.017213541666666703
1 0.1527645 0.5406249999999999 0.01482171874999999 0.01593750000000001
1 0.190253 0.593125 0.011482374999999989 0.01658854166666668
1 0.204311 0.526875 0.016735781250000026 0.021692708333333293
1 0.2118085 0.7056250000000001 0.024390531250000014 0.028697916666666618
1 0.22352349999999999 0.6006250000000001 0.01769256250000001 0.014036458333333446
1 0.2750705 0.551875 0.015778999999999987 0.021041666666666625
1 0.28256800000000004 0.7131249999999999 0.02343375000000003 0.026145833333333535
1 0.306935 0.808125 0.021520187500000065 0.01914062500000006
1 0.3823805 0.82125 0.018649843750000006 0.019765625000000082
1 0.4465795 0.6981250000000001 0.01052559374999995 0.018489583333333393
1 0.4709465 0.626875 0.008612031249999985 0.014036458333333446
1 0.4990625 0.711875 0.010037312500000062 0.01658854166666668
1 0.6044985 0.799375 0.01339643749999997 0.01083333333333325
1 0.6368324999999999 0.8081250000000001 0.01003731249999995 0.01658854166666668
1 0.6780695000000001 0.71125 0.01052559374999995 0.015312499999999988
1 0.6799440000000001 0.7668750000000001 0.00669796874999995 0.01083333333333325
1 0.7150890000000001 0.726875 0.009568812499999968 0.01593750000000001
1 0.72821 0.8400000000000002 0.009080531249999968 0.017864583333333368
1 0.770384 0.6993749999999999 0.01722406249999997 0.018489583333333393
1 0.769447 0.8568749999999999 0.0133959374999999 0.01593750000000001
1 0.7975635 0.7775 0.003827625000000001 0.010208333333333227
1 0.829428 0.7925000000000001 0.009080531249999968 0.014661458333333321
1 0.8406745 0.74125 0.01339643749999997 0.017213541666666703
1 0.891284 0.805625 0.005741687500000037 0.006380208333333452
1 0.917057 0.819375 0.00620968749999995 0.006380208333333452