1 0.054358000000000004 0.500625 0.020617999999999997 0.021249999999999918
1 0.099344 0.33499999999999996 0.013119999999999993 0.01750000000000007
1 0.1527645 0.5406249999999999 0.01499499999999998 0.016250000000000025
1 0.190253 0.593125 0.011245999999999978 0.016250000000000025
1 0.204311 0.526875 0.016869999999999996 0.021249999999999918
1 0.2118085 0.7056250000000001 0.024367000000000028 0.028749999999999904
1 0.22352349999999999 0.6006250000000001 0.017807000000000017 0.013750000000000076
1 0.2750705 0.551875 0.015932999999999975 0.021249999999999918
1 0.28256800000000004 0.7131249999999999 0.023430000000000062 0.026250000000000107
1 0.306935 0.808125 0.02155600000000002 0.018750000000000117
1 0.3823805 0.82125 0.01874500000000001 0.020000000000000167
1 0.4465795 0.6981250000000001 0.010309000000000013 0.018750000000000117
1 0.4709465 0.626875 0.00843499999999997 0.013750000000000076
1 0.4990625 0.711875 0.010309000000000013 0.016250000000000025
1 0.6044985 0.799375 0.013120999999999938 0.01125000000000013
1 0.6368324999999999 0.8081250000000001 0.010308999999999902 0.016250000000000025
1 0.6780695000000001 0.71125 0.010308999999999902 0.014999999999999977
1 0.6799440000000001 0.7668750000000001 0.006559999999999899 0.011249999999999835
1 0.7150890000000001 0.726875 0.009371999999999936 0.016250000000000025
1 0.72821 0.8400000000000002 0.009371999999999936 0.01750000000000007
1 0.770384 0.6993749999999999 0.01686999999999994 0.018750000000000117
1 0.769447 0.8568749999999999 0.01312000000000002 0.016250000000000025
1 0.7975635 0.7775 0.0037490000000000023 0.010000000000000083
1 0.829428 0.7925000000000001 0.009371999999999936 0.014999999999999977
1 0.8406745 0.74125 0.013120999999999938 0.01750000000000007
1 0.891284 0.805625 0.005624000000000073 0.006250000000000237
1 0.917057 0.819375 0.006559999999999899 0.006250000000000237