1 0.46875 0.7604164999999999 0.20875 0.30916700000000014
1 0.029375 0.32625 0.035 0.03749999999999994
1 0.14625 0.4258330000000001 0.08000000000000002 0.11000000000000003
1 0.2159375 0.45458299999999996 0.09812500000000002 0.13249999999999998
1 0.23343750000000002 0.48 0.09437499999999999 0.14666600000000005
1 0.26749999999999996 0.5145835 0.12375000000000003 0.16083299999999992
1 0.30937499999999996 0.5679165 0.14375000000000004 0.19416700000000006
1 0.340625 0.41416650000000005 0.04249999999999998 0.09666700000000006
1 0.3721875 0.42250000000000004 0.04437500000000005 0.08333400000000009
1 0.420625 0.45166649999999997 0.05249999999999999 0.11666699999999992
1 0.5125 0.49416649999999995 0.11499999999999999 0.15666699999999997