1 0.46875 0.7604164999999999 0.20886718750000005 0.3095314166666668
1 0.029375 0.32625 0.035078125 0.037630208333333304
1 0.14625 0.4258330000000001 0.08003906250000002 0.10968750000000001
1 0.2159375 0.45458299999999996 0.09789062500000001 0.13265625
1 0.23343750000000002 0.48 0.09406250000000002 0.14690070833333335
1 0.26749999999999996 0.5145835 0.12339843750000001 0.16114566666666663
1 0.30937499999999996 0.5679165 0.14365234375000002 0.19408870833333328
1 0.340625 0.41416650000000005 0.04273437499999999 0.09651058333333336
1 0.3721875 0.42250000000000004 0.04464843750000003 0.08333366666666671
1 0.420625 0.45166649999999997 0.052617187499999996 0.11692724999999997
1 0.5125 0.49416649999999995 0.11511718750000005 0.15710954166666666