1 0.0371875 0.46083349999999995 0.074375 0.05666700000000002
1 0.11 0.8370835 0.22 0.3208330000000001
1 0.1090625 0.38375000000000004 0.21437499999999998 0.07583400000000011
1 0.1515625 0.6783334999999999 0.14437500000000003 0.048333000000000105
1 0.200625 0.6699999999999999 0.04625000000000001 0.03500000000000014
1 0.3028125 0.9841669999999999 0.13437500000000002 0.029999999999999954
1 0.450625 0.42625 0.1825 0.05749999999999996
1 0.396875 0.536667 0.07000000000000006 0.13999999999999999
1 0.4659375 0.6691665000000001 0.17437499999999995 0.10166699999999995
1 0.4865625 0.5908335 0.09437499999999988 0.04833299999999996
1 0.49624999999999997 0.3812499999999999 0.08000000000000007 0.022499999999999964
1 0.6825 0.45708299999999996 0.05125000000000002 0.03250000000000005
1 0.6928125 0.49874999999999997 0.03562500000000002 0.04250000000000013
1 0.7053125 0.43166649999999995 0.016874999999999973 0.04333299999999992
1 0.84375 0.9362499999999999 0.27249999999999996 0.11916599999999988
1 0.819375 0.539167 0.04875000000000007 0.09999999999999994
1 0.859375 0.46541650000000007 0.12125000000000008 0.07583299999999997
1 0.96625 0.9187500000000001 0.06625000000000014 0.16083400000000006