1 0.0371875 0.46083349999999995 0.07429687500000001 0.05697933333333335
1 0.10999999999999999 0.8370835 0.21986328125 0.3205727500000002
1 0.1090625 0.38375000000000004 0.21412109375 0.07567741666666672
1 0.1515625 0.6783334999999999 0.14445312500000002 0.048906083333333385
1 0.200625 0.6699999999999999 0.04607421875000001 0.03507812500000007
1 0.3028125 0.9841669999999999 0.13457031250000004 0.02997395833333331
1 0.450625 0.42625 0.18255859374999994 0.057395833333333236
1 0.396875 0.536667 0.06966796875000003 0.14031249999999998
1 0.4659375 0.6691665000000001 0.17410156249999997 0.1016147499999999
1 0.4865625 0.5908335 0.09455078124999994 0.04825504166666672
1 0.49624999999999997 0.3812499999999999 0.08003906250000004 0.022317708333333314
1 0.6825 0.45708299999999996 0.05101562500000001 0.03252604166666669
1 0.6928125 0.49874999999999997 0.03587890625000001 0.042083333333333396
1 0.7053125 0.43166649999999995 0.016738281249999876 0.04315087499999996
1 0.84375 0.9362499999999999 0.27296875 0.11947883333333327
1 0.819375 0.539167 0.048789062500000036 0.09947916666666663
1 0.859375 0.46541650000000007 0.12117187499999993 0.07632795833333332
1 0.96625 0.9187500000000001 0.06583984375000007 0.16049512500000004