0 0.16062500000000002 0.48125 0.07125000000000004 0.042499999999999837
0 0.210625 0.678333 0.03125 0.04499999999999993
0 0.2296875 0.40375000000000005 0.028124999999999956 0.03583400000000007
0 0.321875 0.4875 0.07624999999999993 0.04499999999999993
0 0.6331249999999999 0.476667 0.03750000000000009 0.045000000000000075
0 0.6868749999999999 0.46166650000000004 0.046250000000000124 0.048333000000000105
0 0.7353125 0.40666650000000004 0.05062500000000014 0.048333000000000105
0 0.78125 0.45458350000000003 0.04125000000000001 0.03416700000000006
0 0.801875 0.6854169999999998 0.028750000000000053 0.027499999999999858
0 0.83375 0.6804165000000001 0.03875000000000006 0.030833000000000037
0 0.8578125000000001 0.61375 0.02937499999999993 0.029166000000000025
0 0.8875 0.52875 0.029999999999999805 0.03083399999999988
0 0.9043749999999999 0.6079165 0.03500000000000014 0.024166999999999977