0 0.16062500000000002 0.48125 0.07126953125000002 0.042734374999999915
0 0.210625 0.678333 0.03125 0.04463541666666663
0 0.2296875 0.40375000000000005 0.028222656249999978 0.0361461666666667
0 0.321875 0.4875 0.07621093749999996 0.0452864583333333
0 0.6331249999999999 0.476667 0.037792968750000044 0.04463541666666678
0 0.6868749999999999 0.46166650000000004 0.04607421875000006 0.04825504166666672
0 0.7353125 0.40666650000000004 0.05070312500000007 0.04825504166666672
0 0.78125 0.45458350000000003 0.04113281249999989 0.034010583333333365
0 0.801875 0.6854169999999998 0.029023437500000027 0.02742187499999993
0 0.83375 0.6804165000000001 0.03890625000000014 0.030390458333333353
0 0.8578125000000001 0.61375 0.029335937499999964 0.029556958333333345
0 0.8875 0.52875 0.030136718749999902 0.03104199999999994
0 0.9043749999999999 0.6079165 0.03507812500000007 0.023802249999999987