1 0.2134375 0.36375 0.021874999999999978 0.01750000000000007
1 0.38125 0.779583 0.2024999999999999 0.27749999999999986
1 0.38187499999999996 0.45249999999999996 0.08000000000000007 0.1016660000000001
1 0.3990625 0.54125 0.10312500000000002 0.13083399999999998
1 0.3990625 0.47083350000000007 0.06687500000000002 0.10666700000000014
1 0.45906250000000004 0.702083 0.18437499999999996 0.23249999999999993
1 0.47375 0.6491669999999999 0.14749999999999996 0.19499999999999998
1 0.5996875 0.4791665 0.08937499999999998 0.09333300000000004
1 0.6425000000000001 0.5291665 0.10749999999999993 0.14833300000000005
1 0.6996875 0.7566665 0.20687500000000014 0.2583330000000001
1 0.7165625 0.644583 0.1656249999999999 0.1625000000000001
1 0.735 0.6283335 0.15749999999999997 0.20166700000000004