1 0.2134375 0.36375 0.02216796874999999 0.017213541666666703
1 0.38125 0.779583 0.20232421874999995 0.27742187499999993
1 0.38187499999999996 0.45249999999999996 0.08003906250000004 0.10226529166666672
1 0.3990625 0.54125 0.10283203124999996 0.13117220833333323
1 0.3990625 0.47083350000000007 0.06712890625000001 0.10671891666666673
1 0.45906250000000004 0.702083 0.18398437499999992 0.23213541666666662
1 0.47375 0.6491669999999999 0.14748046874999998 0.1945052083333334
1 0.5996875 0.4791665 0.08960937499999999 0.09354150000000001
1 0.6425000000000001 0.5291665 0.10746093749999996 0.14838525000000002
1 0.6996875 0.7566665 0.20646484375000007 0.25807275000000013
1 0.7165625 0.644583 0.16582031249999996 0.16197916666666665
1 0.735 0.6283335 0.1573632812500001 0.20174495833333342