0 0.411875 0.783945 0.043749999999999956 0.06319400000000011
0 0.435 0.8031600000000002 0.05125000000000002 0.05550799999999981
0 0.4709375 0.7933389999999999 0.02562500000000001 0.06148600000000018
0 0.508125 0.7980355 0.04125000000000001 0.03501299999999992
0 0.5334375 0.7865075 0.015625 0.02561899999999999
0 0.643125 0.7715625 0.13249999999999984 0.14773699999999979
0 0.7893749999999999 0.7544835 0.04999999999999982 0.04696900000000005
0 0.8309375 0.7553374999999999 0.05687500000000001 0.04184499999999995
0 0.8803125 0.7608885 0.046875 0.030742999999999788
0 0.936875 0.7608879999999999 0.04499999999999993 0.03928199999999985
0 0.9640625 0.762596 0.028125000000000178 0.023911999999999958
0 0.9871875000000001 0.7608879999999999 0.020624999999999893 0.03928199999999985