0 0.411875 0.783945 0.04384765624999998 0.06359700000000006
0 0.435 0.8031600000000002 0.05150390625000001 0.05508733333333324
0 0.4709375 0.7933389999999999 0.025507812500000004 0.06140966666666676
0 0.508125 0.7980355 0.04113281250000006 0.035506500000000114
0 0.5334375 0.7865075 0.015625 0.02547616666666666
0 0.643125 0.7715625 0.13216796874999992 0.14786849999999988
0 0.7893749999999999 0.7544835 0.04990234374999991 0.046817833333333204
0 0.8309375 0.7553374999999999 0.056757812500000115 0.04158916666666664
0 0.8803125 0.7608885 0.046875 0.030704833333333226
0 0.936875 0.7608879999999999 0.044960937499999964 0.03897433333333326
0 0.9640625 0.762596 0.02822265625000009 0.023955999999999828
0 0.9871875000000001 0.7608879999999999 0.020566406249999947 0.03897433333333326