1 0.019230999999999998 0.9546875 0.038264674963396784 0.08912109374999999
1 0.0802065 0.90625 0.04807962591508053 0.08609374999999986
1 0.1346155 0.878125 0.04734756149341145 0.07015624999999992
1 0.2091935 0.8587499999999999 0.027980724011713046 0.04767578124999994
1 0.241088 0.8434375000000001 0.020567901903367537 0.04416015625000003
1 0.2640715 0.8321875000000001 0.010283950951683727 0.04304687499999993
1 0.281895 0.8128124999999999 0.02510909516837484 0.04416015625000003
1 0.318011 0.8015625 0.026310159590043892 0.03539062500000001
1 0.3513135 0.7615624999999999 0.010283950951683727 0.030937500000000062
1 0.664165 0.8015625 0.026310159590043892 0.029335937499999964
1 0.6923075 0.8196875 0.02631065959004388 0.04416015625000003
1 0.7227955 0.849375 0.02510959516837491 0.03890625000000014
1 0.858818 0.9253125 0.04567699707174221 0.0677539062500001
1 0.9399625 0.946875 0.04353743265007303 0.08337890624999988
1 0.9727954999999998 0.963125 0.05262081918008794 0.0723828124999999