1 0.019231 0.9546875 0.038462 0.08937499999999998
1 0.0802065 0.90625 0.04784299999999999 0.08624999999999994
1 0.1346155 0.878125 0.04784300000000001 0.06999999999999984
1 0.2091935 0.8587499999999999 0.02814300000000003 0.047499999999999876
1 0.241088 0.8434375000000001 0.020638 0.04437500000000005
1 0.2640715 0.8321875000000001 0.010318999999999958 0.04312499999999986
1 0.281895 0.8128124999999999 0.025328000000000045 0.04437500000000005
1 0.318011 0.8015625 0.02626599999999994 0.03562500000000002
1 0.3513135 0.7615624999999999 0.010318999999999958 0.030625000000000124
1 0.664165 0.8015625 0.02626599999999994 0.02937499999999993
1 0.6923075 0.8196875 0.026266999999999912 0.04437500000000005
1 0.7227955 0.849375 0.025329000000000185 0.03875000000000006
1 0.858818 0.9253125 0.0459659999999998 0.06812499999999999
1 0.9399625 0.946875 0.04315099999999998 0.08374999999999999
1 0.9727954999999998 0.963125 0.052533000000000184 0.07250000000000001