1 0.865 0.656162 0.10624999999999996 0.17215400000000008
1 0.0121875 0.360301 0.024375 0.022578000000000046
1 0.023125 0.46801499999999996 0.04625 0.06114799999999986
1 0.09 0.888523 0.18 0.22107200000000016
1 0.0546875 0.45390400000000003 0.02687500000000001 0.044214
1 0.29625 0.7224835000000001 0.06624999999999992 0.07149499999999996
1 0.4871875 0.683443 0.04062499999999991 0.21354600000000007
1 0.5690625 0.44920050000000006 0.018124999999999947 0.03480700000000003
1 0.61125 0.44590799999999997 0.010000000000000009 0.015051999999999975
1 0.7225 0.3791155 0.008750000000000036 0.016933000000000045
1 0.7878125 0.5865475 0.028124999999999956 0.11006500000000011
1 0.9928125 0.5028225 0.013125000000000053 0.06491099999999998