1 0.865 0.656162 0.10634765625000009 0.17198008370044066
1 0.01171875 0.3590308370044053 0.0234375 0.022026431718061675
1 0.023125 0.46801499999999996 0.04607421874999999 0.061411004405286275
1 0.09 0.888523 0.17984375000000002 0.22066815859030844
1 0.0546875 0.45390400000000003 0.027109374999999998 0.04413343171806159
1 0.29625 0.7224835000000001 0.06632812499999996 0.07098979074889866
1 0.4871875 0.683443 0.040820312499999956 0.2132340866372982
1 0.5690625 0.44920050000000006 0.018339843749999973 0.035024645374449354
1 0.61125 0.44590799999999997 0.009882812500000115 0.014868143906020629
1 0.7225 0.3791155 0.008769531250000018 0.01727707268722469
1 0.7878125 0.5865475 0.02822265625000009 0.11009857929515424
1 0.9928125 0.5028225 0.012910156250000027 0.0654951475770925