1 0.7490625 0.7040150000000001 0.161875 0.23155999999999993
1 0.0037500000000000007 0.33753500000000003 0.00625 0.02707800000000002
1 0.0315625 0.3253965 0.015625 0.047619000000000064
1 0.0840625 0.678338 0.113125 0.04201600000000006
1 0.105 0.330532 0.037500000000000006 0.0765639999999999
1 0.1378125 0.32539699999999994 0.020625000000000004 0.04388399999999999
1 0.22468749999999998 0.7693745 0.176875 0.2128849999999999
1 0.16281250000000003 0.33753500000000003 0.014375000000000027 0.04201600000000006
1 0.3178125 0.3141925 0.011874999999999969 0.036414999999999975
1 0.410625 0.305322 0.03125 0.06162400000000001
1 0.675625 0.327264 0.053749999999999964 0.06255800000000006
1 0.774375 0.340803 0.04125000000000001 0.07096200000000001
1 0.8565625 0.352941 0.059374999999999956 0.06909400000000007
1 0.9862500000000001 0.37254899999999996 0.026250000000000107 0.07656400000000006