1 0.7490625 0.7040150000000001 0.1619921875000001 0.23094034985422737
1 0.0037500000000000007 0.33753500000000003 0.006054687500000001 0.027387396501457734
1 0.0315625 0.3253965 0.015625 0.04786197813411082
1 0.0840625 0.678338 0.11320312499999999 0.042145026239067004
1 0.105 0.330532 0.03779296875000002 0.07691173760932939
1 0.1378125 0.32539699999999994 0.020566406250000002 0.04380788921282799
1 0.22468749999999998 0.7693745 0.17681640625000003 0.21285649416909624
1 0.16281250000000003 0.33753500000000003 0.014511718750000013 0.04214502623906709
1 0.3178125 0.3141925 0.01228515625000004 0.03642907434402331
1 0.410625 0.305322 0.03125 0.06215310787172017
1 0.675625 0.327264 0.05373046874999998 0.06262010787172015
1 0.774375 0.340803 0.04113281249999989 0.07119528571428572
1 0.8565625 0.352941 0.05947265624999987 0.06953242274052482
1 0.9862500000000001 0.37254899999999996 0.026308593750000053 0.07691173760932951