1 0.058203 0.8002079999999999 0.10249164809384166 0.18102579166666674
1 0.047656000000000004 0.9328819999999999 0.07513440860215052 0.13183220833333328
1 0.117969 0.842872 0.11724502639296189 0.18909404166666643
1 0.081641 0.139958 0.02862699804496578 0.056610791666666695
1 0.10898450000000001 0.954214 0.0677088401759531 0.0896668750000001
1 0.19062500000000004 0.894901 0.13287716324535676 0.1995053749999999
1 0.178125 0.1597295 0.02823699804496576 0.07574191666666669
1 0.458203 0.8933399999999999 0.375574284457478 0.2110877499999999
1 0.29765600000000003 0.15712800000000002 0.038592583577712544 0.022513708333333327
1 0.4140625 0.3439125 0.21406962316715542 0.16371675
1 0.6285159999999999 0.9921954999999999 0.085588752688172 0.010931833333333252
1 0.6179684999999999 0.4209155 0.05950177174975558 0.06363854166666671
1 0.6453125000000001 0.6222685 0.11118697507331374 0.08094708333333338
1 0.6941405 0.586889 0.1072789408602151 0.13938045833333326
1 0.7214845 0.9724245000000001 0.10376190664711624 0.05322720833333339
1 0.8574220000000001 0.5400625 0.06819709872922786 0.10814695833333336
1 0.8617189999999999 0.47606649999999995 0.0378115835777127 0.036439666666666724