1 0.058203 0.8002079999999999 0.102344 0.18106200000000014
1 0.047656000000000004 0.9328819999999999 0.075 0.13215399999999988
1 0.117969 0.842872 0.11718800000000001 0.18938599999999983
1 0.081641 0.139958 0.028906000000000008 0.057232000000000026
1 0.10898450000000001 0.954214 0.06796900000000003 0.08949000000000022
1 0.19062500000000004 0.894901 0.13281199999999999 0.19979199999999983
1 0.178125 0.1597295 0.028125999999999998 0.075963
1 0.458203 0.8933399999999999 0.375782 0.21123799999999981
1 0.29765600000000003 0.15712800000000002 0.039061999999999986 0.022891999999999985
1 0.4140625 0.3439125 0.214063 0.16337100000000002
1 0.6285159999999999 0.9921954999999999 0.08515599999999991 0.011446999999999838
1 0.6179684999999999 0.4209155 0.059374999999999914 0.0634750000000001
1 0.6453125000000001 0.6222685 0.11093699999999992 0.08116499999999993
1 0.6941405 0.586889 0.1070310000000001 0.13943800000000003
1 0.7214845 0.9724245000000001 0.10390699999999982 0.05306900000000011
1 0.8574220000000001 0.5400625 0.06796800000000018 0.1082209999999999
1 0.8617189999999999 0.47606649999999995 0.03750000000000018 0.03642100000000011