0 0.11406250000000001 0.82375 0.03427734375000001 0.07349609374999999
0 0.125 0.7621875 0.05644531250000001 0.06330078124999994
0 0.1846875 0.7640625 0.05453125000000003 0.0457617187499999
0 0.29312499999999997 0.7725 0.05101562500000001 0.09375
0 0.3990625 0.6971875000000001 0.04798828124999999 0.052929687500000044
0 0.47125 0.7887500000000001 0.05150390625000001 0.10251953125000002
0 0.5690625 0.37625 0.06712890625000001 0.04224609374999999
0 0.649375 0.37093750000000003 0.01914062499999991 0.025507812500000004
0 0.6734375 0.3684375 0.025996093750000115 0.03044921874999995
0 0.69875 0.3665625 0.032363281249999876 0.030449218750000062
0 0.7928124999999999 0.40375 0.11431640624999995 0.03236328124999999
0 0.758125 0.490625 0.041132812500000115 0.03236328125000004
0 0.791875 0.5521875 0.05101562500000001 0.029335937499999964
0 0.7853125 0.6740625 0.02710937499999999 0.020566406249999947
0 0.79125 0.4915625 0.03890625000000014 0.030449218750000007
0 0.840625 0.5590625 0.04607421875000006 0.022167968750000044
0 0.8765624999999999 0.484375 0.053417968750000044 0.037304687500000044
0 0.8887499999999999 0.5428124999999999 0.06027343750000003 0.05453124999999992