0 0.11406250000000001 0.82375 0.03437499999999999 0.07374999999999998
0 0.125 0.7621875 0.05625000000000002 0.06312499999999988
0 0.1846875 0.7640625 0.05437500000000001 0.04562500000000003
0 0.29312499999999997 0.7725 0.05125000000000002 0.09375
0 0.3990625 0.6971875000000001 0.04812499999999997 0.05312500000000009
0 0.47125 0.7887500000000001 0.05125000000000002 0.10250000000000004
0 0.5690625 0.37625 0.06687500000000002 0.04249999999999998
0 0.649375 0.37093750000000003 0.018749999999999822 0.02562500000000001
0 0.6734375 0.3684375 0.02562500000000001 0.030624999999999902
0 0.69875 0.3665625 0.03249999999999997 0.030625000000000013
0 0.7928124999999999 0.40375 0.1143749999999999 0.03249999999999997
0 0.758125 0.490625 0.04125000000000001 0.03249999999999997
0 0.791875 0.5521875 0.05125000000000002 0.02937499999999993
0 0.7853125 0.6740625 0.026874999999999982 0.020624999999999893
0 0.79125 0.4915625 0.03875000000000006 0.030624999999999902
0 0.840625 0.5590625 0.046250000000000124 0.02187500000000009
0 0.8765624999999999 0.484375 0.05312500000000009 0.03750000000000009
0 0.8887499999999999 0.5428124999999999 0.06000000000000005 0.05437499999999984