1 0.3652345 0.6760415000000001 0.10703099999999999 0.17916699999999994
1 0.025 0.4067705 0.05 0.046875
1 0.1351565 0.371875 0.046875 0.029166000000000025
1 0.135547 0.5083335 0.046094000000000024 0.13541700000000004
1 0.135547 0.224479 0.011718000000000006 0.013542000000000018
1 0.14921849999999998 0.224479 0.010936999999999975 0.013542000000000018
1 0.1636715 0.22395850000000003 0.013280999999999987 0.020832999999999952
1 0.192187 0.2265625 0.012500000000000011 0.015625
1 0.2234375 0.2255205 0.010936999999999975 0.015625
1 0.2671875 0.227083 0.014062999999999937 0.01874999999999997
1 0.3015625 0.2307295 0.012500999999999984 0.015625
1 0.3328125 0.228646 0.015625 0.01979199999999996
1 0.3859375 0.228646 0.015625 0.01979199999999996
1 0.43125 0.227604 0.01718799999999998 0.013542000000000018
1 0.4875005 0.2270835 0.015625 0.008333000000000071
1 0.5828125 0.242708 0.015625 0.01874999999999997
1 0.625 0.2578125 0.02499999999999991 0.015625