1 0.3652345 0.6760415000000001 0.10722643750000005 0.17942725000000004
1 0.025 0.4067705 0.04990234375000001 0.046875
1 0.1351565 0.371875 0.046875 0.029556958333333345
1 0.135547 0.5083335 0.04599621875 0.13541683333333335
1 0.135547 0.224479 0.011718375000000003 0.013932458333333342
1 0.14921849999999998 0.224479 0.010839593749999987 0.013932458333333342
1 0.1636715 0.22395850000000003 0.012988156249999994 0.020833166666666642
1 0.192187 0.2265625 0.012597656249999978 0.015625
1 0.2234375 0.2255205 0.010839593749999987 0.015625
1 0.2671875 0.227083 0.014355718749999968 0.019140624999999984
1 0.3015625 0.2307295 0.012598156250000048 0.015625
1 0.3328125 0.228646 0.015625 0.019661624999999978
1 0.3859375 0.228646 0.015625 0.019661624999999978
1 0.43125 0.227604 0.01689478124999999 0.013281416666666676
1 0.4875005 0.2270835 0.015625 0.008723791666666703
1 0.5828125 0.242708 0.015625 0.019140624999999984
1 0.625 0.2578125 0.025195312499999956 0.015625