1 0.334375 0.5604165 0.013710937499999964 0.025937333333333406
1 0.349375 0.56625 0.012597656249999978 0.02742187499999993
1 0.42593749999999997 0.64125 0.04798828124999999 0.05377570833333337
1 0.4553125 0.6425 0.020566406249999947 0.009557291666666709
1 0.4828125 0.64125 0.01945312499999996 0.029556958333333345
1 0.5584374999999999 0.6670830000000002 0.010683593750000053 0.02742187499999993
1 0.5734375 0.68 0.016738281250000098 0.0452864583333333
1 0.6178125 0.7275 0.012910156250000027 0.040182291666666835
1 0.6534375 0.6716665 0.017226562500000098 0.023385249999999875
1 0.6765625 0.7329165 0.014511718749999902 0.03911475000000012
1 0.840625 0.7224999999999998 0.0323632812500001 0.04677050000000005
1 0.8853125 0.7195835 0.02822265625000009 0.020833166666666496
1 0.88875 0.744167 0.0328515625000001 0.05549479166666652
1 0.94 0.744167 0.03458984375000007 0.05549479166666652