1 0.334375 0.5604165 0.013749999999999929 0.025832999999999995
1 0.349375 0.56625 0.012499999999999956 0.027499999999999858
1 0.42593749999999997 0.64125 0.04812499999999997 0.054165999999999936
1 0.4553125 0.6425 0.020625000000000004 0.010000000000000083
1 0.4828125 0.64125 0.01937499999999992 0.029166000000000025
1 0.5584374999999999 0.6670830000000002 0.010625000000000107 0.027499999999999858
1 0.5734375 0.68 0.016875000000000195 0.04499999999999993
1 0.6178125 0.7275 0.013125000000000053 0.040000000000000036
1 0.6534375 0.6716665 0.016874999999999973 0.023332999999999753
1 0.6765625 0.7329165 0.014374999999999805 0.03916699999999995
1 0.840625 0.7224999999999998 0.032500000000000195 0.046666000000000096
1 0.8853125 0.7195835 0.028125000000000178 0.020832999999999952
1 0.88875 0.744167 0.03249999999999997 0.055000000000000014
1 0.94 0.744167 0.03500000000000014 0.055000000000000014