0 0.1403125 0.35625 0.21955078125000002 0.39072949999999995
0 0.019687499999999997 0.8566670000000002 0.03921875 0.16007812500000007
0 0.1225 0.74125 0.15513671875 0.1940882083333332
0 0.27875 0.7275 0.19404296874999996 0.277004875
0 0.319375 0.34 0.14093750000000002 0.24341179166666663
0 0.4484375 0.3975 0.15927734375000002 0.20322950000000006
0 0.49 0.679167 0.20009765625000003 0.2952864583333333
0 0.558125 0.8525 0.15130859375000005 0.15200487499999996
0 0.6725 0.36166650000000006 0.2198632812500001 0.30335920833333335
0 0.6809375 0.7016665 0.20041015625000003 0.3216407916666668
0 0.7809375000000001 0.8475 0.13679687499999993 0.1513538333333333
0 0.8909374999999999 0.3754165 0.21683593749999996 0.324192875
0 0.8715625 0.69125 0.12642578125000004 0.1809117916666667