0 0.1403125 0.35625 0.219375 0.3908339999999999
0 0.0196875 0.8566670000000002 0.039375 0.16000000000000014
0 0.1225 0.74125 0.15500000000000003 0.19416599999999976
0 0.27875 0.7275 0.19374999999999998 0.2766659999999999
0 0.319375 0.34 0.14125 0.24333399999999994
0 0.4484375 0.3975 0.15937499999999993 0.20333400000000004
0 0.49 0.679167 0.19999999999999996 0.29499999999999993
0 0.558125 0.8525 0.1512500000000001 0.15166599999999994
0 0.6725 0.36166650000000006 0.21999999999999997 0.303333
0 0.6809375 0.7016665 0.20062500000000005 0.3216670000000003
0 0.7809375000000001 0.8475 0.13687499999999986 0.15166599999999994
0 0.8909374999999999 0.3754165 0.21687499999999993 0.3241669999999999
0 0.8715625 0.69125 0.12687500000000007 0.18083399999999994