0 0.8104165 0.813281 0.11041699999999999 0.11250000000000004
0 0.3031249999999999 0.8105469999999999 0.0625 0.07890599999999992
0 0.34583349999999996 0.8089845 0.02708300000000004 0.06171900000000008
0 0.37083350000000004 0.7941404999999999 0.02708300000000004 0.05390700000000015
0 0.6213545 0.795703 0.03437499999999997 0.05703199999999997
0 0.6307295 0.794922 0.015625 0.058594000000000035
0 0.6375000000000001 0.798437 0.02500000000000006 0.0625
0 0.6604165000000001 0.8000005 0.020832999999999952 0.07187499999999991
0 0.6812499999999999 0.807031 0.02500000000000006 0.07500000000000018
0 0.7223955000000001 0.815625 0.05312499999999994 0.08281200000000011
0 0.757292 0.8214845 0.04374999999999988 0.0914069999999998
1 0.43489599999999995 0.79375 0.013542000000000018 0.021876000000000007
1 0.47968750000000004 0.7726565000000001 0.030209000000000003 0.01718699999999984