0 0.8104165 0.813281 0.11054704166666666 0.11240234375000013
0 0.3031249999999999 0.8105469999999999 0.0625 0.07851549999999996
0 0.34583349999999996 0.8089845 0.027213375000000057 0.06162121875000004
0 0.37083350000000004 0.7941404999999999 0.027213375000000095 0.053808968750000075
0 0.6213545 0.795703 0.03411458333333325 0.056836312499999986
0 0.6307295 0.794922 0.015625 0.058593874999999906
0 0.6375000000000001 0.798437 0.024869791666666696 0.0625
0 0.6604165000000001 0.8000005 0.02083316666666672 0.07207031249999996
0 0.6812499999999999 0.807031 0.024869791666666845 0.07509765625000009
0 0.7223955000000001 0.815625 0.05325520833333316 0.08290990625000005
0 0.757292 0.8214845 0.04335937499999994 0.0916019374999999
1 0.43489599999999995 0.79375 0.013281416666666749 0.021680187499999892
1 0.47968750000000004 0.7726565000000001 0.03007845833333341 0.01738256249999992