1 0.0145405 0.7809375 0.010319 0.015625
1 0.037992500000000005 0.78 0.010319 0.010000000000000009
1 0.051125500000000004 0.7784374999999999 0.010319 0.010625000000000107
1 0.09709149999999998 0.7790625 0.010319 0.01187500000000008
1 0.1327395 0.7778125 0.010319 0.0068749999999999645
1 0.20309549999999998 0.7746875 0.012194999999999994 0.0068749999999999645
1 0.2227955 0.7746875 0.010318999999999958 0.010625000000000107
1 0.23780450000000003 0.7765625 0.010318999999999958 0.0068749999999999645
1 0.2612575 0.775625 0.010319000000000042 0.004999999999999893
1 0.280488 0.7925 0.022514000000000034 0.04125000000000001
1 0.39493449999999997 0.8028124999999999 0.026266999999999912 0.03937500000000016