1 0.0145405 0.7809375 0.010283950951683747 0.015625
1 0.037992500000000005 0.78 0.010283950951683747 0.009882812499999893
1 0.051125500000000004 0.7784374999999999 0.010283950951683747 0.010683593750000053
1 0.09709149999999998 0.7790625 0.010283950951683737 0.011796874999999929
1 0.1327395 0.7778125 0.010283950951683727 0.006855468749999982
1 0.20309549999999998 0.7746875 0.011954015373352894 0.006855468749999982
1 0.2227955 0.7746875 0.010283950951683727 0.010683593750000053
1 0.23780450000000003 0.7765625 0.010283950951683727 0.006855468749999982
1 0.2612575 0.775625 0.010283950951683727 0.004941406249999947
1 0.280488 0.7925 0.02223796632503662 0.04162109374999989
1 0.39493449999999997 0.8028124999999999 0.02631065959004388 0.03921875000000008