0 0.10617599999999999 0.7965625000000001 0.15651400000000001 0.2093750000000001
0 0.06599 0.9846874999999999 0.13198 0.02937499999999993
0 0.10786799999999998 0.9159375000000001 0.12267399999999999 0.0731250000000001
0 0.19247050000000002 0.845 0.05160700000000003 0.03374999999999995
0 0.1912015 0.8853125 0.030457000000000074 0.025624999999999787
0 0.1983925 0.814375 0.034687 0.03125
0 0.2690355 0.8825000000000001 0.101523 0.07500000000000018
0 0.252538 0.82375 0.02284199999999996 0.022499999999999964
0 0.4479695 0.6696875 0.04822300000000002 0.02562500000000001
0 0.4885785 0.733125 0.04145500000000001 0.022499999999999964
0 0.569374 0.74 0.04230199999999997 0.028750000000000053
0 0.762267 0.8434375000000001 0.062606 0.04437500000000005
0 0.8121825 0.48125 0.08798699999999991 0.03125
0 0.822758 0.8503125 0.06683599999999992 0.07187499999999991
0 0.885364 0.6246875000000001 0.08544800000000011 0.04062499999999991
0 0.8917090000000001 0.465625 0.08121800000000018 0.03749999999999998