0 0.10617599999999999 0.7965625000000001 0.15685673579920742 0.20966796875000004
0 0.0653896961690885 0.984375 0.130779392338177 0.029296875
0 0.10786799999999998 0.9159375000000001 0.12276368428005281 0.07318359375000005
0 0.19247050000000002 0.845 0.05156307727873185 0.03396484374999997
0 0.1912015 0.8853125 0.03042004557463676 0.025996093749999893
0 0.1983925 0.814375 0.03451655151915456 0.03125
0 0.2690355 0.8825000000000001 0.10162015257595769 0.07509765625000009
0 0.252538 0.82375 0.022649533685601037 0.022480468749999982
0 0.4479695 0.6696875 0.047889571334214016 0.025507812499999893
0 0.4885785 0.733125 0.04186356340819023 0.022480468749999982
0 0.569374 0.74 0.04228706340819021 0.028535156250000027
0 0.762267 0.8434375000000001 0.06300709511228533 0.04416015625000003
0 0.8121825 0.48125 0.0875866307793923 0.03125
0 0.822758 0.8503125 0.06644309907529734 0.07207031249999996
0 0.885364 0.6246875000000001 0.0856566287978863 0.040332031249999956
0 0.8917090000000001 0.465625 0.08156012285336865 0.03730468749999993