1 0.468125 0.7039105 0.08874999999999988 0.156425
1 0.006875 0.6554935 0.01375 0.026071000000000077
1 0.018125000000000002 0.6545620000000001 0.011249999999999996 0.01676000000000007
1 0.040625 0.6564245000000001 0.018750000000000003 0.03538099999999996
1 0.0825 0.7318435 0.0325 0.08938500000000006
1 0.12 0.7476725 0.04999999999999999 0.10614499999999996
1 0.254375 0.6731845 0.05125000000000002 0.09869700000000002
1 0.24375 0.5931099999999999 0.012500000000000011 0.01676000000000007
1 0.29000000000000004 0.5633144999999999 0.020000000000000018 0.042830999999999814
1 0.343125 0.6759775 0.06125000000000003 0.12290500000000003
1 0.596875 0.4255125 0.011249999999999982 0.009311000000000007
1 0.6425 0.603352 0.07250000000000001 0.13780199999999987