1 0.468125 0.7039105 0.08880859374999989 0.15608731804949047
1 0.006874999999999999 0.6554935 0.0137109375 0.026135936681222747
1 0.018125000000000002 0.6545620000000001 0.010996093749999998 0.0163858224163028
1 0.040625 0.6564245000000001 0.01865234375000001 0.03515774890829701
1 0.0825 0.7318435 0.032363281250000014 0.08908842430858818
1 0.12 0.7476725 0.04990234375000001 0.10620204876273644
1 0.254375 0.6731845 0.05150390625000001 0.09811123653566223
1 0.24375 0.5931099999999999 0.012597656250000033 0.0163858224163028
1 0.29000000000000004 0.5633144999999999 0.01976562500000001 0.04324956113537109
1 0.343125 0.6759775 0.06138671875000001 0.12331567321688502
1 0.596875 0.4255125 0.011484374999999991 0.009750114264919946
1 0.6425 0.603352 0.07238281250000012 0.138042193595342