1 0.839375 0.6597090000000001 0.11499999999999999 0.31747599999999987
1 0.3109375 0.794175 0.22687499999999994 0.32233000000000017
1 0.35250000000000004 0.4310675 0.11250000000000004 0.14563099999999993
1 0.3725 0.34854350000000006 0.08625000000000005 0.09514500000000002
1 0.3534375 0.196602 0.03687499999999999 0.04951399999999999
1 0.369375 0.209223 0.04875000000000007 0.05534000000000002
1 0.525 0.1286405 0.03249999999999997 0.045631000000000026
1 0.5384374999999999 0.135437 0.020624999999999893 0.03592200000000003
1 0.5775 0.308738 0.08125000000000004 0.07572800000000009
1 0.5903125 0.3849515 0.07062499999999994 0.11941699999999993
1 0.5715625 0.1461165 0.02562500000000001 0.03980499999999999
1 0.5828125 0.15194149999999998 0.02937499999999993 0.04368900000000002
1 0.6403125000000001 0.157767 0.016875000000000195 0.03980600000000001
1 0.6559375000000001 0.156796 0.026874999999999982 0.04174799999999998
1 0.674375 0.199515 0.046250000000000124 0.08446599999999994
1 0.786875 0.2048545 0.04125000000000001 0.08155299999999997
1 0.9875 0.1417475 0.02124999999999999 0.04466100000000004