1 0.839375 0.6597090000000001 0.1146289062500001 0.31707133333333337
1 0.3109375 0.794175 0.22720703124999997 0.32252863636363654
1 0.35250000000000004 0.4310675 0.11289062500000002 0.14630034848484846
1 0.3725 0.34854350000000006 0.08658203124999997 0.09454219696969703
1 0.3534375 0.196602 0.036992187499999996 0.049756999999999975
1 0.369375 0.209223 0.048789062500000036 0.05494272727272728
1 0.525 0.1286405 0.0323632812500001 0.04554277272727274
1 0.5384374999999999 0.135437 0.020566406249999947 0.03538524242424244
1 0.5775 0.308738 0.08115234375000013 0.07574278787878792
1 0.5903125 0.3849515 0.07095703124999986 0.11879940909090905
1 0.5715625 0.1461165 0.025507812499999893 0.04035704545454545
1 0.5828125 0.15194149999999998 0.029335937499999964 0.043814196969696975
1 0.6403125000000001 0.157767 0.016738281250000098 0.039599969696969724
1 0.6559375000000001 0.156796 0.02662109374999999 0.041328545454545444
1 0.674375 0.199515 0.04607421875000006 0.08465724242424237
1 0.786875 0.2048545 0.04113281249999989 0.0816855909090909
1 0.9875 0.1417475 0.021367187500000107 0.04430019696969699