1 0.724375 0.8204165 0.10251953125000002 0.2210935833333334
1 0.0515625 0.564167 0.05835937500000001 0.07015624999999999
1 0.13625 0.6079165 0.06744140625 0.07929704166666666
1 0.30781250000000004 0.5433335 0.06441406250000004 0.10820295833333334
1 0.32406250000000003 0.6966665000000001 0.03427734375000002 0.08843733333333326
1 0.468125 0.6520835 0.02408203124999997 0.025937333333333406
1 0.485 0.73375 0.04607421875000006 0.11799479166666653
1 0.5449999999999999 0.290417 0.02742187499999993 0.03252604166666669
1 0.5571875 0.7783335 0.05181640624999995 0.11692725000000011
1 0.6799999999999999 0.3016665 0.03396484374999997 0.041666833333333354
1 0.8878125 0.7295835 0.07207031249999996 0.13924495833333328