1 0.724375 0.8204165 0.10250000000000004 0.22083300000000014
1 0.0515625 0.564167 0.05812500000000001 0.06999999999999999
1 0.13625 0.6079165 0.0675 0.07916699999999999
1 0.30781250000000004 0.5433335 0.06437500000000007 0.10833300000000001
1 0.32406250000000003 0.6966665000000001 0.034375000000000044 0.08833299999999984
1 0.468125 0.6520835 0.023749999999999938 0.025832999999999995
1 0.485 0.73375 0.046250000000000124 0.11749999999999972
1 0.5449999999999999 0.290417 0.027499999999999858 0.03250000000000005
1 0.5571875 0.7783335 0.05187499999999989 0.11666699999999992
1 0.6799999999999999 0.3016665 0.03374999999999995 0.041667000000000044
1 0.8878125 0.7295835 0.07187499999999991 0.1391669999999999