1 0.0675 0.6308630000000001 0.05373046874999999 0.12460847584187419
1 0.1021875 0.6364915 0.04033203124999998 0.12126784699853588
1 0.1678125 0.6547845000000001 0.028222656250000033 0.0731887210834554
1 0.18875 0.6566605 0.018652343749999967 0.07726091434846266
1 0.2240625 0.64728 0.033164062500000036 0.0657758989751098
1 0.2603125 0.6538465 0.03205078125000002 0.07819891434846273
1 0.28031249999999996 0.65197 0.02328125000000003 0.08227160761346998
1 0.3975 0.6153845 0.04718750000000005 0.08968442972181558
1 0.519375 0.609756 0.044960937499999964 0.09375612298682286
1 0.6165625 0.5895870000000001 0.036992187499999885 0.06457483455344067
1 0.6915625000000001 0.587711 0.040820312499999956 0.07198715666178628