1 0.0675 0.6308630000000001 0.05374999999999999 0.12476600000000006
1 0.1021875 0.6364915 0.040624999999999994 0.12101300000000001
1 0.1678125 0.6547845000000001 0.02812500000000001 0.07317099999999993
1 0.18875 0.6566605 0.01874999999999999 0.076923
1 0.2240625 0.64728 0.033125000000000016 0.06566599999999999
1 0.2603125 0.6538465 0.03187499999999999 0.07879900000000012
1 0.28031249999999996 0.65197 0.023125000000000062 0.082552
1 0.3975 0.6153845 0.04749999999999999 0.09005700000000011
1 0.519375 0.609756 0.04499999999999993 0.09380800000000004
1 0.6165625 0.5895870000000001 0.03687499999999999 0.06472799999999992
1 0.6915625000000001 0.587711 0.04062499999999991 0.07223200000000006