0 0.8531249999999999 0.8805080000000001 0.1512500000000001 0.1882000000000002
0 0.1409375 0.3767735 0.265625 0.08439099999999998
0 0.1584375 0.20239000000000001 0.179375 0.04480999999999995
0 0.37812500000000004 0.7266615000000001 0.12749999999999995 0.14189699999999986
0 0.38187499999999996 0.9387604999999999 0.08624999999999994 0.08215100000000028
0 0.4009375 0.5059745 0.12187499999999996 0.13069500000000003
0 0.3871875 0.3188945 0.08062499999999995 0.08961900000000003
0 0.5065625 0.320015 0.10062499999999996 0.10082199999999998
0 0.556875 0.4914115 0.11749999999999994 0.10455499999999993
0 0.56125 0.7345035 0.11499999999999999 0.12023899999999994
0 0.5990625 0.0601195 0.09062500000000018 0.120239
0 0.61375 0.9353995 0.10749999999999993 0.117251
0 0.6375 0.31142649999999994 0.0950000000000002 0.11501100000000003
0 0.6759375000000001 0.1587005 0.0831249999999999 0.100821
0 0.7171875 0.6986555 0.12187499999999996 0.17849099999999982
0 0.7228125000000001 0.501867 0.11312500000000014 0.11202400000000007
0 0.7740625 0.317401 0.10062499999999996 0.0896199999999999
0 0.89 0.492158 0.12375000000000003 0.13741599999999993
0 0.909375 0.7330095 0.125 0.14413699999999982