0 0.8531249999999999 0.8805080000000001 0.15130859375000005 0.1880323220536757
0 0.1409375 0.3767735 0.265625 0.08420250116686114
0 0.1584375 0.20239000000000001 0.17953125000000003 0.04515879229871643
0 0.37812500000000004 0.7266615000000001 0.12722656249999997 0.14212702975495908
0 0.38187499999999996 0.9387604999999999 0.08609374999999997 0.08249907059509932
0 0.4009375 0.5059745 0.12197265624999998 0.13069172403733958
0 0.3871875 0.3188945 0.08083984374999997 0.08973365402567093
0 0.5065625 0.320015 0.10060546874999998 0.10058602917152858
0 0.556875 0.4914115 0.11734374999999991 0.1047862514585764
0 0.56125 0.7345035 0.1151171875000001 0.12021284889148202
0 0.5990625 0.060119499999999985 0.09072265625000009 0.12021284889148191
0 0.61375 0.9353995 0.10794921874999996 0.11755198774795786
0 0.6375 0.31142649999999994 0.0948632812500001 0.11468169603267213
0 0.6759375000000001 0.1587005 0.08306640624999995 0.10058552917152858
0 0.7171875 0.6986555 0.12197265624999987 0.17851037747957985
0 0.7228125000000001 0.501867 0.11320312500000007 0.11202133488914823
0 0.7740625 0.317401 0.10060546874999998 0.08915072345390894
0 0.89 0.492158 0.1238867187499999 0.1375528074679113
0 0.909375 0.7330095 0.125 0.144413890898483