0 0.01625 0.9025 0.03236328125 0.05187466666666681
0 0.084375 0.900833 0.09869140625 0.06505208333333308
0 0.181875 0.9016665 0.09375 0.05632829166666683
0 0.24375000000000002 0.8991664999999999 0.04224609374999999 0.06867170833333318
0 0.27437500000000004 0.8799999999999999 0.02359374999999997 0.05994791666666662
0 0.380625 0.8266669999999999 0.018652343750000022 0.04973958333333339
0 0.425 0.7999999999999999 0.04273437499999999 0.05994791666666662
0 0.6968749999999999 0.7958335 0.03619140624999995 0.03145849999999998
0 0.73 0.7975 0.04001953125000002 0.02783887499999989
0 0.766875 0.805 0.04113281249999989 0.0263538333333333
0 0.920625 0.8658334999999999 0.15625 0.11182308333333335