0 0.01625 0.9025 0.0325 0.05166599999999999
0 0.084375 0.900833 0.09875 0.0649999999999998
0 0.181875 0.9016665 0.09375 0.05666700000000002
0 0.24375000000000002 0.8991664999999999 0.04249999999999998 0.06833299999999998
0 0.27437500000000004 0.8799999999999999 0.023749999999999938 0.05999999999999991
0 0.380625 0.8266669999999999 0.018750000000000044 0.05000000000000012
0 0.425 0.7999999999999999 0.04249999999999998 0.05999999999999991
0 0.6968749999999999 0.7958335 0.03624999999999989 0.031666999999999966
0 0.73 0.7975 0.040000000000000036 0.02833400000000008
0 0.766875 0.805 0.04125000000000001 0.02666599999999993
0 0.920625 0.8658334999999999 0.15625 0.11166700000000003